+++ÀÊÁ ¹sss-02; Uíà÷àëüíîå=13.1425+++
2024.09.30_08:04:10:701; 0.1298;13.7338; 1.7825;
2024.09.30_08:04:15:715; 0.0969;13.7513; 1.3325;
2024.09.30_08:04:20:714; 0.0901;13.7550; 1.2388;
2024.09.30_08:04:25:713; 0.0854;13.7588; 1.1750;
2024.09.30_08:04:30:712; 0.0825;13.7600; 1.1350;
2024.09.30_08:04:35:703; 0.0795;13.7625; 1.0950;
2024.09.30_08:04:40:707; 0.0771;13.7637; 1.0613;
2024.09.30_08:04:45:710; 0.0751;13.7650; 1.0325;
2024.09.30_08:04:50:706; 0.0735;13.7662; 1.0112;
2024.09.30_08:04:55:706; 0.0723;13.7675; 0.9950;
2024.09.30_08:05:00:702; 0.0715;13.7688; 0.9838;
2024.09.30_08:05:05:703; 0.0708;13.7700; 0.9738;
2024.09.30_08:05:10:712; 0.0704;13.7725; 0.9700;
2024.09.30_08:05:15:706; 0.0698;13.7737; 0.9600;
2024.09.30_08:05:20:699; 0.0691;13.7750; 0.9513;
2024.09.30_08:05:25:712; 0.0686;13.7763; 0.9450;
2024.09.30_08:05:30:704; 0.0680;13.7775; 0.9375;
2024.09.30_08:05:35:706; 0.0673;13.7788; 0.9275;
2024.09.30_08:05:40:707; 0.0665;13.7800; 0.9163;
2024.09.30_08:05:45:706; 0.0658;13.7812; 0.9062;
2024.09.30_08:05:50:705; 0.0651;13.7825; 0.8975;
2024.09.30_08:05:55:711; 0.0642;13.7825; 0.8850;
2024.09.30_08:06:00:710; 0.0635;13.7837; 0.8750;
2024.09.30_08:06:05:699; 0.0627;13.7837; 0.8638;
2024.09.30_08:06:10:711; 0.0622;13.7837; 0.8575;
2024.09.30_08:06:15:697; 0.0613;13.7850; 0.8450;
2024.09.30_08:06:20:709; 0.0608;13.7850; 0.8375;
2024.09.30_08:06:25:706; 0.0602;13.7850; 0.8300;
2024.09.30_08:06:30:699; 0.0594;13.7850; 0.8188;
2024.09.30_08:06:35:705; 0.0588;13.7850; 0.8113;
2024.09.30_08:06:40:711; 0.0585;13.7863; 0.8063;
2024.09.30_08:06:45:711; 0.0581;13.7875; 0.8000;
2024.09.30_08:06:50:711; 0.0574;13.7888; 0.7913;
2024.09.30_08:06:55:705; 0.0567;13.7875; 0.7825;
2024.09.30_08:07:00:705; 0.0564;13.7875; 0.7762;
2024.09.30_08:07:05:705; 0.0559;13.7875; 0.7712;
2024.09.30_08:07:10:708; 0.0554;13.7875; 0.7625;
2024.09.30_08:07:15:708; 0.0550;13.7875; 0.7575;
2024.09.30_08:07:20:703; 0.0546;13.7875; 0.7525;
2024.09.30_08:07:25:704; 0.0542;13.7888; 0.7463;
2024.09.30_08:07:30:707; 0.0538;13.7888; 0.7425;
2024.09.30_08:07:35:697; 0.0530;13.7875; 0.7313;
2024.09.30_08:07:40:696; 0.0531;13.7888; 0.7325;
2024.09.30_08:07:45:701; 0.0525;13.7875; 0.7225;
2024.09.30_08:07:50:707; 0.0517;13.7875; 0.7125;
2024.09.30_08:07:55:697; 0.0519;13.7875; 0.7150;
2024.09.30_08:08:00:710; 0.0516;13.7875; 0.7113;
2024.09.30_08:08:05:721; 0.0511;13.7863; 0.7037;
2024.09.30_08:08:10:715; 0.0507;13.7875; 0.6987;
2024.09.30_08:08:15:717; 0.0507;13.7875; 0.6987;
2024.09.30_08:08:20:725; 0.0503;13.7875; 0.6937;
2024.09.30_08:08:25:723; 0.0499;13.7875; 0.6888;
2024.09.30_08:08:30:723; 0.0496;13.7875; 0.6850;
2024.09.30_08:08:35:711; 0.0493;13.7875; 0.6800;
2024.09.30_08:08:40:712; 0.0491;13.7875; 0.6775;
2024.09.30_08:08:45:722; 0.0489;13.7875; 0.6738;
2024.09.30_08:08:50:714; 0.0488;13.7888; 0.6725;
2024.09.30_08:08:55:733; 0.0486;13.7900; 0.6700;
2024.09.30_08:09:00:726; 0.0484;13.7900; 0.6675;
2024.09.30_08:09:05:727; 0.0482;13.7912; 0.6650;
2024.09.30_08:09:10:733; 0.0483;13.7925; 0.6663;
2024.09.30_08:09:15:739; 0.0479;13.7938; 0.6613;
2024.09.30_08:09:20:732; 0.0482;13.7950; 0.6638;
2024.09.30_08:09:25:728; 0.0473;13.7950; 0.6525;
2024.09.30_08:09:30:725; 0.0475;13.7950; 0.6550;
2024.09.30_08:09:35:738; 0.0473;13.7963; 0.6525;
2024.09.30_08:09:40:738; 0.0467;13.7963; 0.6450;
2024.09.30_08:09:45:734; 0.0469;13.7963; 0.6462;
2024.09.30_08:09:50:739; 0.0467;13.7988; 0.6438;
2024.09.30_08:09:55:736; 0.0467;13.8000; 0.6438;
2024.09.30_08:10:00:724; 0.0464;13.8000; 0.6400;
2024.09.30_08:10:05:724; 0.0463;13.8000; 0.6388;
2024.09.30_08:10:10:731; 0.0459;13.8000; 0.6338;
2024.09.30_08:10:15:732; 0.0457;13.8000; 0.6325;
2024.09.30_08:10:20:728; 0.0457;13.8000; 0.6312;
2024.09.30_08:10:25:728; 0.0452;13.8000; 0.6250;
2024.09.30_08:10:30:729; 0.0454;13.8000; 0.6263;
2024.09.30_08:10:35:731; 0.0454;13.8000; 0.6263;
2024.09.30_08:10:40:728; 0.0454;13.8025; 0.6263;
2024.09.30_08:10:45:723; 0.0450;13.8025; 0.6213;
2024.09.30_08:10:50:736; 0.0449;13.8025; 0.6200;
2024.09.30_08:10:55:735; 0.0445;13.8012; 0.6150;
2024.09.30_08:11:00:729; 0.0445;13.8025; 0.6138;
2024.09.30_08:11:05:725; 0.0444;13.8012; 0.6125;
2024.09.30_08:11:10:724; 0.0444;13.8025; 0.6125;
2024.09.30_08:11:15:727; 0.0442;13.8025; 0.6100;
2024.09.30_08:11:20:730; 0.0440;13.8025; 0.6088;
2024.09.30_08:11:25:731; 0.0438;13.8025; 0.6050;
2024.09.30_08:11:30:726; 0.0417;13.7900; 0.5750;
2024.09.30_08:11:35:732; 0.0424;13.7888; 0.5837;
2024.09.30_08:11:40:735; 0.0424;13.7888; 0.5850;
2024.09.30_08:11:45:733; 0.0424;13.7900; 0.5850;
2024.09.30_08:11:50:726; 0.0423;13.7900; 0.5825;
2024.09.30_08:11:55:728; 0.0423;13.7900; 0.5825;
2024.09.30_08:12:00:727; 0.0421;13.7900; 0.5813;
2024.09.30_08:12:05:732; 0.0421;13.7900; 0.5813;
2024.09.30_08:12:10:726; 0.0419;13.7900; 0.5775;
2024.09.30_08:12:15:731; 0.0419;13.7912; 0.5775;
2024.09.30_08:12:20:724; 0.0419;13.7912; 0.5775;
2024.09.30_08:12:25:721; 0.0416;13.7912; 0.5737;
2024.09.30_08:12:30:725; 0.0415;13.7912; 0.5725;
2024.09.30_08:12:35:732; 0.0413;13.7912; 0.5687;
2024.09.30_08:12:40:726; 0.0416;13.7912; 0.5725;
2024.09.30_08:12:45:735; 0.0413;13.7900; 0.5687;
2024.09.30_08:12:50:745; 0.0409;13.7888; 0.5637;
2024.09.30_08:12:55:748; 0.0408;13.7888; 0.5637;
2024.09.30_08:13:00:736; 0.0409;13.7888; 0.5637;
2024.09.30_08:13:05:734; 0.0404;13.7875; 0.5575;
2024.09.30_08:13:10:735; 0.0404;13.7863; 0.5563;
2024.09.30_08:13:15:741; 0.0403;13.7863; 0.5563;
2024.09.30_08:13:20:736; 0.0403;13.7850; 0.5550;
2024.09.30_08:13:25:748; 0.0403;13.7850; 0.5550;
2024.09.30_08:13:30:747; 0.0400;13.7850; 0.5525;
2024.09.30_08:13:35:746; 0.0399;13.7850; 0.5513;
2024.09.30_08:13:40:737; 0.0400;13.7850; 0.5513;
2024.09.30_08:13:45:739; 0.0398;13.7850; 0.5475;
2024.09.30_08:13:50:738; 0.0398;13.7850; 0.5488;
2024.09.30_08:13:55:734; 0.0398;13.7850; 0.5475;
2024.09.30_08:14:00:744; 0.0398;13.7850; 0.5475;
2024.09.30_08:14:05:744; 0.0396;13.7863; 0.5463;
2024.09.30_08:14:10:746; 0.0396;13.7863; 0.5463;
2024.09.30_08:14:15:744; 0.0396;13.7863; 0.5450;
2024.09.30_08:14:20:739; 0.0394;13.7863; 0.5438;
2024.09.30_08:14:25:736; 0.0394;13.7863; 0.5438;
2024.09.30_08:14:30:745; 0.0393;13.7863; 0.5413;
2024.09.30_08:14:35:743; 0.0393;13.7863; 0.5425;
2024.09.30_08:14:40:732; 0.0393;13.7875; 0.5425;
2024.09.30_08:14:45:733; 0.0393;13.7875; 0.5413;
2024.09.30_08:14:50:740; 0.0393;13.7875; 0.5413;
2024.09.30_08:14:55:739; 0.0391;13.7875; 0.5388;
2024.09.30_08:15:00:738; 0.0391;13.7875; 0.5388;
2024.09.30_08:15:05:739; 0.0391;13.7888; 0.5388;
2024.09.30_08:15:10:740; 0.0391;13.7888; 0.5388;
2024.09.30_08:15:15:734; 0.0390;13.7888; 0.5375;
2024.09.30_08:15:20:736; 0.0390;13.7900; 0.5388;
2024.09.30_08:15:25:740; 0.0389;13.7900; 0.5363;
2024.09.30_08:15:30:740; 0.0388;13.7900; 0.5350;
2024.09.30_08:15:35:744; 0.0389;13.7900; 0.5363;
2024.09.30_08:15:40:746; 0.0387;13.7900; 0.5350;
2024.09.30_08:15:45:741; 0.0386;13.7912; 0.5325;
2024.09.30_08:15:50:737; 0.0387;13.7912; 0.5338;
2024.09.30_08:15:55:734; 0.0387;13.7912; 0.5338;
2024.09.30_08:16:00:738; 0.0386;13.7912; 0.5325;
2024.09.30_08:16:05:742; 0.0386;13.7912; 0.5312;
2024.09.30_08:16:10:734; 0.0385;13.7925; 0.5300;
2024.09.30_08:16:15:737; 0.0386;13.7925; 0.5325;
2024.09.30_08:16:20:743; 0.0382;13.7925; 0.5275;
2024.09.30_08:16:25:734; 0.0384;13.7925; 0.5300;
2024.09.30_08:16:30:741; 0.0384;13.7925; 0.5300;
2024.09.30_08:16:35:739; 0.0383;13.7938; 0.5288;
2024.09.30_08:16:40:738; 0.0382;13.7938; 0.5275;
2024.09.30_08:16:45:740; 0.0382;13.7938; 0.5275;
2024.09.30_08:16:50:729; 0.0382;13.7938; 0.5262;
2024.09.30_08:16:55:741; 0.0381;13.7950; 0.5262;
2024.09.30_08:17:00:731; 0.0381;13.7950; 0.5250;
2024.09.30_08:17:05:744; 0.0381;13.7950; 0.5250;
2024.09.30_08:17:10:737; 0.0381;13.7950; 0.5250;
2024.09.30_08:17:15:733; 0.0380;13.7950; 0.5238;
2024.09.30_08:17:20:729; 0.0380;13.7963; 0.5238;
2024.09.30_08:17:25:733; 0.0379;13.7963; 0.5225;
2024.09.30_08:17:30:743; 0.0379;13.7963; 0.5225;
2024.09.30_08:17:35:742; 0.0378;13.7963; 0.5225;
2024.09.30_08:17:40:742; 0.0378;13.7963; 0.5212;
2024.09.30_08:17:45:728; 0.0377;13.7963; 0.5212;
2024.09.30_08:17:50:741; 0.0377;13.7975; 0.5200;
2024.09.30_08:17:55:734; 0.0377;13.7975; 0.5200;
2024.09.30_08:18:00:734; 0.0377;13.7975; 0.5200;
2024.09.30_08:18:05:742; 0.0376;13.7975; 0.5188;
2024.09.30_08:18:10:741; 0.0376;13.7975; 0.5188;
2024.09.30_08:18:15:734; 0.0375;13.7975; 0.5175;
2024.09.30_08:18:20:736; 0.0375;13.7975; 0.5175;
2024.09.30_08:18:25:734; 0.0374;13.7988; 0.5162;
2024.09.30_08:18:30:730; 0.0374;13.7988; 0.5162;
2024.09.30_08:18:35:728; 0.0373;13.7988; 0.5150;
2024.09.30_08:18:40:735; 0.0372;13.7988; 0.5138;
2024.09.30_08:18:45:742; 0.0372;13.7988; 0.5125;
2024.09.30_08:18:50:746; 0.0371;13.7988; 0.5125;
2024.09.30_08:18:55:771; 0.0372;13.7988; 0.5125;
2024.09.30_08:19:00:757; 0.0371;13.7988; 0.5125;
2024.09.30_08:19:05:772; 0.0370;13.7988; 0.5112;
2024.09.30_08:19:10:759; 0.0370;13.7988; 0.5112;
2024.09.30_08:19:15:770; 0.0369;13.7988; 0.5100;
2024.09.30_08:19:20:772; 0.0369;13.7988; 0.5088;
2024.09.30_08:19:25:765; 0.0368;13.7988; 0.5075;
2024.09.30_08:19:30:758; 0.0368;13.8000; 0.5075;
2024.09.30_08:19:35:764; 0.0368;13.8000; 0.5075;
2024.09.30_08:19:40:757; 0.0367;13.8000; 0.5062;
2024.09.30_08:19:45:764; 0.0367;13.8000; 0.5062;
2024.09.30_08:19:50:770; 0.0366;13.8000; 0.5050;
2024.09.30_08:19:55:769; 0.0366;13.8000; 0.5050;
2024.09.30_08:20:00:757; 0.0365;13.8000; 0.5038;
2024.09.30_08:20:05:770; 0.0365;13.8000; 0.5038;
2024.09.30_08:20:10:763; 0.0365;13.8000; 0.5038;
2024.09.30_08:20:15:760; 0.0364;13.8000; 0.5025;
2024.09.30_08:20:20:768; 0.0363;13.8000; 0.5000;
2024.09.30_08:20:25:768; 0.0363;13.8000; 0.5012;
2024.09.30_08:20:30:766; 0.0363;13.8000; 0.5000;
2024.09.30_08:20:35:757; 0.0362;13.8000; 0.4988;
2024.09.30_08:20:40:760; 0.0362;13.8000; 0.5000;
2024.09.30_08:20:45:754; 0.0360;13.8000; 0.4975;
2024.09.30_08:20:50:757; 0.0361;13.8000; 0.4988;
2024.09.30_08:20:55:764; 0.0360;13.8000; 0.4963;
2024.09.30_08:21:00:763; 0.0360;13.8012; 0.4963;
2024.09.30_08:21:05:754; 0.0360;13.8012; 0.4963;
2024.09.30_08:21:10:756; 0.0359;13.8012; 0.4950;
2024.09.30_08:21:15:763; 0.0359;13.8012; 0.4950;
2024.09.30_08:21:20:761; 0.0358;13.8012; 0.4950;
2024.09.30_08:21:25:761; 0.0358;13.8000; 0.4938;
2024.09.30_08:21:30:766; 0.0358;13.8012; 0.4938;
2024.09.30_08:21:35:763; 0.0357;13.8012; 0.4925;
2024.09.30_08:21:40:754; 0.0357;13.8012; 0.4925;
2024.09.30_08:21:45:764; 0.0357;13.8012; 0.4913;
2024.09.30_08:21:50:763; 0.0356;13.8012; 0.4913;
2024.09.30_08:21:55:763; 0.0355;13.8012; 0.4913;
2024.09.30_08:22:00:753; 0.0355;13.8012; 0.4913;
2024.09.30_08:22:05:765; 0.0355;13.8012; 0.4900;
2024.09.30_08:22:10:767; 0.0355;13.8012; 0.4900;
2024.09.30_08:22:15:760; 0.0355;13.8012; 0.4900;
2024.09.30_08:22:20:765; 0.0353;13.8012; 0.4888;
2024.09.30_08:22:25:754; 0.0353;13.8012; 0.4888;
2024.09.30_08:22:30:767; 0.0353;13.8012; 0.4875;
2024.09.30_08:22:35:763; 0.0353;13.8012; 0.4863;
2024.09.30_08:22:40:761; 0.0352;13.8012; 0.4863;
2024.09.30_08:22:45:762; 0.0352;13.8012; 0.4850;
2024.09.30_08:22:50:761; 0.0352;13.8012; 0.4850;
2024.09.30_08:22:55:759; 0.0350;13.8012; 0.4838;
2024.09.30_08:23:00:766; 0.0350;13.8012; 0.4838;
2024.09.30_08:23:05:754; 0.0350;13.8012; 0.4838;
2024.09.30_08:23:10:762; 0.0350;13.8012; 0.4825;
2024.09.30_08:23:15:754; 0.0350;13.8012; 0.4825;
2024.09.30_08:23:20:763; 0.0349;13.8012; 0.4825;
2024.09.30_08:23:25:764; 0.0349;13.8012; 0.4825;
2024.09.30_08:23:30:761; 0.0348;13.8012; 0.4813;
2024.09.30_08:23:35:759; 0.0348;13.8012; 0.4813;
2024.09.30_08:23:40:759; 0.0348;13.8012; 0.4800;
2024.09.30_08:23:45:752; 0.0348;13.8012; 0.4800;
2024.09.30_08:23:50:757; 0.0348;13.8012; 0.4800;
2024.09.30_08:23:55:753; 0.0347;13.8012; 0.4788;
2024.09.30_08:24:00:764; 0.0347;13.8012; 0.4775;
2024.09.30_08:24:05:763; 0.0346;13.8012; 0.4775;
2024.09.30_08:24:10:755; 0.0346;13.8012; 0.4775;
2024.09.30_08:24:15:760; 0.0346;13.8012; 0.4763;
2024.09.30_08:24:20:757; 0.0346;13.8012; 0.4763;
2024.09.30_08:24:25:760; 0.0345;13.8012; 0.4763;
2024.09.30_08:24:30:757; 0.0344;13.8012; 0.4750;
2024.09.30_08:24:35:762; 0.0344;13.8012; 0.4738;
2024.09.30_08:24:40:763; 0.0344;13.8012; 0.4738;
2024.09.30_08:24:45:751; 0.0343;13.8012; 0.4725;
2024.09.30_08:24:50:761; 0.0343;13.8012; 0.4725;
2024.09.30_08:24:55:753; 0.0342;13.8012; 0.4713;
2024.09.30_08:25:00:755; 0.0342;13.8012; 0.4725;
2024.09.30_08:25:05:749; 0.0341;13.8012; 0.4713;
2024.09.30_08:25:10:756; 0.0341;13.8012; 0.4713;
2024.09.30_08:25:15:763; 0.0341;13.8012; 0.4700;
2024.09.30_08:25:20:753; 0.0341;13.8012; 0.4700;
2024.09.30_08:25:25:753; 0.0341;13.8012; 0.4700;
2024.09.30_08:25:30:761; 0.0340;13.8012; 0.4688;
2024.09.30_08:25:35:760; 0.0340;13.8012; 0.4688;
2024.09.30_08:25:40:762; 0.0339;13.8012; 0.4675;
2024.09.30_08:25:45:759; 0.0339;13.8012; 0.4688;
2024.09.30_08:25:50:750; 0.0339;13.8012; 0.4688;
2024.09.30_08:25:55:751; 0.0339;13.8012; 0.4675;
2024.09.30_08:26:00:752; 0.0338;13.8012; 0.4662;
2024.09.30_08:26:05:755; 0.0337;13.8012; 0.4650;
2024.09.30_08:26:10:758; 0.0338;13.8012; 0.4650;
2024.09.30_08:26:15:760; 0.0337;13.8012; 0.4650;
2024.09.30_08:26:20:761; 0.0337;13.8012; 0.4650;
2024.09.30_08:26:25:751; 0.0337;13.8012; 0.4650;
2024.09.30_08:26:30:759; 0.0336;13.8012; 0.4625;
2024.09.30_08:26:35:753; 0.0336;13.8012; 0.4637;
2024.09.30_08:26:40:746; 0.0336;13.8012; 0.4625;
2024.09.30_08:26:45:752; 0.0335;13.8012; 0.4625;
2024.09.30_08:26:50:757; 0.0335;13.8012; 0.4613;
2024.09.30_08:26:55:754; 0.0335;13.8012; 0.4613;
2024.09.30_08:27:00:745; 0.0334;13.8012; 0.4613;
2024.09.30_08:27:05:757; 0.0334;13.8000; 0.4600;
2024.09.30_08:27:10:759; 0.0333;13.8000; 0.4588;
2024.09.30_08:27:15:755; 0.0333;13.8000; 0.4588;
2024.09.30_08:27:20:755; 0.0333;13.8000; 0.4588;
2024.09.30_08:27:25:759; 0.0331;13.8000; 0.4575;
2024.09.30_08:27:30:757; 0.0331;13.7988; 0.4563;
2024.09.30_08:27:35:746; 0.0331;13.7988; 0.4563;
2024.09.30_08:27:40:758; 0.0330;13.7988; 0.4550;
2024.09.30_08:27:45:754; 0.0329;13.7988; 0.4538;
2024.09.30_08:27:50:748; 0.0329;13.7975; 0.4525;
2024.09.30_08:27:55:744; 0.0328;13.7975; 0.4525;
2024.09.30_08:28:00:751; 0.0328;13.7975; 0.4513;
2024.09.30_08:28:05:749; 0.0328;13.7963; 0.4513;
2024.09.30_08:28:10:747; 0.0326;13.7963; 0.4500;
2024.09.30_08:28:15:755; 0.0326;13.7963; 0.4500;
2024.09.30_08:28:20:753; 0.0326;13.7963; 0.4500;
2024.09.30_08:28:25:759; 0.0326;13.7963; 0.4488;
2024.09.30_08:28:30:751; 0.0326;13.7963; 0.4488;
2024.09.30_08:28:35:747; 0.0325;13.7963; 0.4488;
2024.09.30_08:28:40:753; 0.0324;13.7950; 0.4475;
2024.09.30_08:28:45:745; 0.0324;13.7950; 0.4475;
2024.09.30_08:28:50:756; 0.0324;13.7950; 0.4475;
2024.09.30_08:28:55:748; 0.0324;13.7950; 0.4488;
2024.09.30_08:29:00:755; 0.0324;13.7950; 0.4475;
2024.09.30_08:29:05:746; 0.0324;13.7950; 0.4475;
2024.09.30_08:29:10:746; 0.0324;13.7950; 0.4463;
2024.09.30_08:29:15:742; 0.0324;13.7950; 0.4463;
2024.09.30_08:29:20:746; 0.0324;13.7950; 0.4463;
2024.09.30_08:29:25:754; 0.0324;13.7963; 0.4463;
2024.09.30_08:29:30:753; 0.0324;13.7963; 0.4463;
2024.09.30_08:29:35:750; 0.0323;13.7963; 0.4463;
2024.09.30_08:29:40:746; 0.0323;13.7963; 0.4450;
2024.09.30_08:29:45:754; 0.0323;13.7963; 0.4450;
2024.09.30_08:29:50:751; 0.0322;13.7963; 0.4450;
2024.09.30_08:29:55:745; 0.0322;13.7963; 0.4450;
2024.09.30_08:30:00:753; 0.0322;13.7963; 0.4438;
2024.09.30_08:30:05:752; 0.0322;13.7963; 0.4438;
2024.09.30_08:30:10:755; 0.0322;13.7963; 0.4450;
2024.09.30_08:30:15:751; 0.0322;13.7963; 0.4438;
2024.09.30_08:30:20:743; 0.0321;13.7963; 0.4425;
2024.09.30_08:30:25:742; 0.0321;13.7963; 0.4438;
2024.09.30_08:30:30:745; 0.0321;13.7963; 0.4425;
2024.09.30_08:30:35:747; 0.0320;13.7963; 0.4425;
2024.09.30_08:30:40:753; 0.0320;13.7975; 0.4413;
2024.09.30_08:30:45:753; 0.0320;13.7963; 0.4425;
2024.09.30_08:30:50:752; 0.0320;13.7975; 0.4413;
2024.09.30_08:30:55:742; 0.0320;13.7975; 0.4413;
2024.09.30_08:31:00:745; 0.0319;13.7975; 0.4413;
2024.09.30_08:31:05:754; 0.0319;13.7975; 0.4400;
2024.09.30_08:31:10:740; 0.0319;13.7975; 0.4400;
2024.09.30_08:31:15:741; 0.0319;13.7975; 0.4400;
2024.09.30_08:31:20:754; 0.0319;13.7975; 0.4400;
2024.09.30_08:31:25:753; 0.0319;13.7975; 0.4400;
2024.09.30_08:31:30:750; 0.0318;13.7975; 0.4388;
2024.09.30_08:31:35:753; 0.0318;13.7975; 0.4388;
2024.09.30_08:31:40:749; 0.0317;13.7975; 0.4375;
2024.09.30_08:31:45:746; 0.0317;13.7975; 0.4388;
2024.09.30_08:31:50:740; 0.0317;13.7975; 0.4375;
2024.09.30_08:31:55:740; 0.0317;13.7975; 0.4375;
2024.09.30_08:32:00:751; 0.0317;13.7975; 0.4375;
2024.09.30_08:32:05:746; 0.0317;13.7975; 0.4363;
2024.09.30_08:32:10:748; 0.0316;13.7975; 0.4363;
2024.09.30_08:32:15:743; 0.0316;13.7975; 0.4363;
2024.09.30_08:32:20:740; 0.0316;13.7975; 0.4363;
2024.09.30_08:32:25:752; 0.0316;13.7975; 0.4363;
2024.09.30_08:32:30:751; 0.0316;13.7975; 0.4363;
2024.09.30_08:32:35:747; 0.0316;13.7975; 0.4363;
2024.09.30_08:32:40:738; 0.0316;13.7975; 0.4350;
2024.09.30_08:32:45:750; 0.0315;13.7975; 0.4350;
2024.09.30_08:32:50:752; 0.0315;13.7975; 0.4350;
2024.09.30_08:32:55:746; 0.0314;13.7975; 0.4338;
2024.09.30_08:33:00:749; 0.0314;13.7975; 0.4338;
2024.09.30_08:33:05:741; 0.0314;13.7988; 0.4338;
2024.09.30_08:33:10:748; 0.0314;13.7988; 0.4338;
2024.09.30_08:33:15:748; 0.0314;13.7988; 0.4338;
2024.09.30_08:33:20:745; 0.0314;13.7988; 0.4325;
2024.09.30_08:33:25:747; 0.0313;13.7988; 0.4325;
2024.09.30_08:33:30:739; 0.0312;13.7975; 0.4313;
2024.09.30_08:33:35:744; 0.0312;13.7988; 0.4313;
2024.09.30_08:33:40:741; 0.0312;13.7988; 0.4313;
2024.09.30_08:33:45:749; 0.0312;13.7988; 0.4313;
2024.09.30_08:33:50:751; 0.0312;13.7988; 0.4300;
2024.09.30_08:33:55:742; 0.0312;13.7975; 0.4300;
2024.09.30_08:34:00:749; 0.0311;13.7975; 0.4300;
2024.09.30_08:34:05:745; 0.0311;13.7988; 0.4288;
2024.09.30_08:34:10:739; 0.0311;13.7988; 0.4288;
2024.09.30_08:34:15:744; 0.0311;13.7988; 0.4288;
2024.09.30_08:34:20:748; 0.0311;13.7988; 0.4275;
2024.09.30_08:34:25:740; 0.0310;13.7988; 0.4275;
2024.09.30_08:34:30:746; 0.0310;13.7988; 0.4275;
2024.09.30_08:34:35:745; 0.0309;13.7988; 0.4263;
2024.09.30_08:34:40:738; 0.0309;13.7988; 0.4263;
2024.09.30_08:34:45:741; 0.0309;13.7988; 0.4263;
2024.09.30_08:34:50:737; 0.0309;13.7988; 0.4263;
2024.09.30_08:34:55:743; 0.0309;13.7988; 0.4263;
2024.09.30_08:35:00:737; 0.0308;13.7988; 0.4250;
2024.09.30_08:35:05:747; 0.0309;13.7988; 0.4263;
2024.09.30_08:35:10:742; 0.0308;13.7988; 0.4250;
2024.09.30_08:35:15:744; 0.0308;13.7988; 0.4250;
2024.09.30_08:35:20:742; 0.0308;13.7988; 0.4250;
2024.09.30_08:35:25:738; 0.0308;13.7988; 0.4250;
2024.09.30_08:35:30:739; 0.0308;13.7988; 0.4250;
2024.09.30_08:35:35:745; 0.0307;13.7988; 0.4238;
2024.09.30_08:35:40:744; 0.0307;13.7988; 0.4238;
2024.09.30_08:35:45:747; 0.0307;13.7988; 0.4238;
2024.09.30_08:35:50:748; 0.0306;13.7988; 0.4225;
2024.09.30_08:35:55:735; 0.0306;13.7988; 0.4225;
2024.09.30_08:36:00:745; 0.0306;13.7988; 0.4225;
2024.09.30_08:36:05:747; 0.0306;13.7988; 0.4213;
2024.09.30_08:36:10:734; 0.0305;13.7988; 0.4213;
2024.09.30_08:36:15:738; 0.0305;13.7988; 0.4213;
2024.09.30_08:36:20:739; 0.0305;13.7988; 0.4200;
2024.09.30_08:36:25:740; 0.0305;13.7988; 0.4200;
2024.09.30_08:36:30:742; 0.0305;13.7988; 0.4200;
2024.09.30_08:36:35:737; 0.0304;13.7988; 0.4200;
2024.09.30_08:36:40:743; 0.0304;13.7988; 0.4188;
2024.09.30_08:36:45:744; 0.0304;13.7988; 0.4188;
2024.09.30_08:36:50:737; 0.0304;13.7988; 0.4188;
2024.09.30_08:36:55:735; 0.0303;13.7988; 0.4175;
2024.09.30_08:37:00:737; 0.0303;13.7988; 0.4175;
2024.09.30_08:37:05:733; 0.0303;13.7988; 0.4175;
2024.09.30_08:37:10:733; 0.0303;13.7988; 0.4175;
2024.09.30_08:37:15:741; 0.0303;13.7988; 0.4175;
2024.09.30_08:37:20:740; 0.0303;13.7988; 0.4175;
2024.09.30_08:37:25:744; 0.0303;13.7988; 0.4163;
2024.09.30_08:37:30:732; 0.0302;13.7988; 0.4163;
2024.09.30_08:37:35:736; 0.0301;13.7988; 0.4163;
2024.09.30_08:37:40:737; 0.0301;13.7988; 0.4163;
2024.09.30_08:37:45:745; 0.0301;13.7988; 0.4163;
2024.09.30_08:37:50:742; 0.0301;13.7988; 0.4150;
2024.09.30_08:37:55:739; 0.0301;13.7988; 0.4150;
2024.09.30_08:38:00:745; 0.0301;13.7988; 0.4150;
2024.09.30_08:38:05:742; 0.0301;13.7988; 0.4150;
2024.09.30_08:38:10:742; 0.0300;13.7988; 0.4138;
2024.09.30_08:38:15:742; 0.0300;13.7988; 0.4125;
2024.09.30_08:38:20:741; 0.0300;13.8000; 0.4125;
2024.09.30_08:38:25:734; 0.0300;13.8000; 0.4125;
2024.09.30_08:38:30:730; 0.0300;13.8000; 0.4125;
2024.09.30_08:38:35:739; 0.0300;13.7988; 0.4125;
2024.09.30_08:38:40:738; 0.0300;13.8000; 0.4125;
2024.09.30_08:38:45:739; 0.0299;13.8000; 0.4113;
2024.09.30_08:38:50:751; 0.0299;13.8000; 0.4113;
2024.09.30_08:38:55:758; 0.0298;13.8000; 0.4113;
2024.09.30_08:39:00:751; 0.0298;13.8000; 0.4113;
2024.09.30_08:39:05:747; 0.0298;13.8000; 0.4113;
2024.09.30_08:39:10:755; 0.0297;13.8000; 0.4100;
2024.09.30_08:39:15:752; 0.0297;13.8000; 0.4100;
2024.09.30_08:39:20:756; 0.0297;13.8000; 0.4100;
2024.09.30_08:39:25:746; 0.0297;13.8000; 0.4088;
2024.09.30_08:39:30:745; 0.0297;13.8000; 0.4088;
2024.09.30_08:39:35:752; 0.0296;13.7988; 0.4088;
2024.09.30_08:39:40:746; 0.0296;13.8000; 0.4088;
2024.09.30_08:39:45:744; 0.0296;13.8000; 0.4088;
2024.09.30_08:39:50:751; 0.0295;13.8000; 0.4075;
2024.09.30_08:39:55:753; 0.0295;13.8000; 0.4062;
2024.09.30_08:40:00:745; 0.0295;13.8000; 0.4075;
2024.09.30_08:40:05:750; 0.0295;13.8000; 0.4075;
2024.09.30_08:40:10:758; 0.0295;13.8000; 0.4050;
2024.09.30_08:40:15:753; 0.0295;13.8000; 0.4062;
2024.09.30_08:40:20:756; 0.0295;13.8000; 0.4062;
2024.09.30_08:40:25:746; 0.0295;13.8000; 0.4062;
2024.09.30_08:40:30:750; 0.0294;13.8000; 0.4050;
2024.09.30_08:40:35:746; 0.0294;13.8000; 0.4050;
2024.09.30_08:40:40:748; 0.0294;13.8000; 0.4050;
2024.09.30_08:40:45:743; 0.0294;13.8000; 0.4050;
2024.09.30_08:40:50:748; 0.0293;13.8000; 0.4037;
2024.09.30_08:40:55:742; 0.0293;13.8000; 0.4037;
2024.09.30_08:41:00:751; 0.0293;13.8000; 0.4037;
2024.09.30_08:41:05:756; 0.0293;13.8000; 0.4037;
2024.09.30_08:41:10:757; 0.0293;13.8000; 0.4037;
2024.09.30_08:41:15:746; 0.0292;13.8000; 0.4025;
2024.09.30_08:41:20:747; 0.0292;13.8000; 0.4025;
2024.09.30_08:41:25:754; 0.0292;13.8000; 0.4037;
2024.09.30_08:41:30:748; 0.0292;13.8000; 0.4012;
2024.09.30_08:41:35:744; 0.0291;13.8000; 0.4012;
2024.09.30_08:41:40:744; 0.0292;13.8000; 0.4012;
2024.09.30_08:41:45:747; 0.0291;13.8000; 0.4012;
2024.09.30_08:41:50:742; 0.0291;13.8000; 0.4000;
2024.09.30_08:41:55:747; 0.0290;13.8000; 0.4000;
2024.09.30_08:42:00:752; 0.0290;13.8000; 0.3987;
2024.09.30_08:42:05:756; 0.0290;13.8000; 0.4000;
2024.09.30_08:42:10:742; 0.0290;13.8000; 0.3987;
2024.09.30_08:42:15:752; 0.0290;13.8000; 0.3987;
2024.09.30_08:42:20:752; 0.0290;13.8000; 0.3987;
2024.09.30_08:42:25:742; 0.0289;13.8000; 0.3987;
2024.09.30_08:42:30:753; 0.0289;13.8000; 0.3987;
2024.09.30_08:42:35:754; 0.0289;13.8000; 0.3987;
2024.09.30_08:42:40:747; 0.0289;13.8000; 0.3975;
2024.09.30_08:42:45:755; 0.0289;13.8000; 0.3975;
2024.09.30_08:42:50:742; 0.0288;13.8000; 0.3975;
2024.09.30_08:42:55:750; 0.0288;13.8000; 0.3963;
2024.09.30_08:43:00:761; 0.0288;13.8000; 0.3975;
2024.09.30_08:43:05:756; 0.0288;13.8000; 0.3963;
2024.09.30_08:43:10:762; 0.0288;13.8000; 0.3963;
2024.09.30_08:43:15:770; 0.0287;13.8000; 0.3963;
2024.09.30_08:43:20:759; 0.0287;13.8000; 0.3950;
2024.09.30_08:43:25:757; 0.0287;13.8000; 0.3950;
2024.09.30_08:43:30:769; 0.0286;13.8000; 0.3950;
2024.09.30_08:43:35:757; 0.0287;13.8000; 0.3950;
2024.09.30_08:43:40:759; 0.0287;13.8000; 0.3950;
2024.09.30_08:43:45:766; 0.0287;13.8000; 0.3950;
2024.09.30_08:43:50:769; 0.0286;13.8000; 0.3950;
2024.09.30_08:43:55:769; 0.0286;13.8000; 0.3938;
2024.09.30_08:44:00:766; 0.0286;13.8000; 0.3938;
2024.09.30_08:44:05:754; 0.0285;13.8000; 0.3938;
2024.09.30_08:44:10:758; 0.0285;13.8012; 0.3925;
2024.09.30_08:44:15:763; 0.0285;13.8000; 0.3925;
2024.09.30_08:44:20:755; 0.0284;13.8000; 0.3925;
2024.09.30_08:44:25:766; 0.0284;13.8012; 0.3925;
2024.09.30_08:44:30:756; 0.0284;13.8000; 0.3925;
2024.09.30_08:44:35:767; 0.0284;13.8012; 0.3913;
2024.09.30_08:44:40:772; 0.0283;13.8012; 0.3913;
2024.09.30_08:44:45:769; 0.0283;13.8000; 0.3913;
2024.09.30_08:44:50:770; 0.0283;13.8012; 0.3913;
2024.09.30_08:44:55:774; 0.0283;13.8012; 0.3913;
2024.09.30_08:45:00:770; 0.0283;13.8012; 0.3900;
2024.09.30_08:45:05:782; 0.0283;13.8012; 0.3900;
2024.09.30_08:45:10:769; 0.0283;13.8012; 0.3900;
2024.09.30_08:45:15:778; 0.0283;13.8012; 0.3900;
2024.09.30_08:45:20:797; 0.0282;13.8012; 0.3900;
2024.09.30_08:45:25:796; 0.0282;13.8012; 0.3888;
2024.09.30_08:45:30:796; 0.0282;13.8012; 0.3888;
2024.09.30_08:45:35:788; 0.0282;13.8012; 0.3875;
2024.09.30_08:45:40:783; 0.0282;13.8012; 0.3888;
2024.09.30_08:45:45:786; 0.0281;13.8012; 0.3875;
2024.09.30_08:45:50:788; 0.0282;13.8012; 0.3888;
2024.09.30_08:45:55:792; 0.0281;13.8012; 0.3875;
2024.09.30_08:46:00:787; 0.0281;13.8012; 0.3875;
2024.09.30_08:46:05:789; 0.0281;13.8012; 0.3875;
2024.09.30_08:46:10:795; 0.0280;13.8012; 0.3863;
2024.09.30_08:46:15:798; 0.0280;13.8012; 0.3863;
2024.09.30_08:46:20:791; 0.0280;13.8012; 0.3850;
2024.09.30_08:46:25:782; 0.0280;13.8012; 0.3863;
2024.09.30_08:46:30:785; 0.0279;13.8012; 0.3850;
2024.09.30_08:46:35:796; 0.0280;13.8012; 0.3850;
2024.09.30_08:46:40:789; 0.0279;13.8012; 0.3850;
2024.09.30_08:46:45:794; 0.0279;13.8012; 0.3850;
2024.09.30_08:46:50:793; 0.0278;13.8012; 0.3838;
2024.09.30_08:46:55:782; 0.0278;13.8012; 0.3838;
2024.09.30_08:47:00:793; 0.0278;13.8012; 0.3838;
2024.09.30_08:47:05:782; 0.0278;13.8012; 0.3838;
2024.09.30_08:47:10:783; 0.0277;13.8012; 0.3825;
2024.09.30_08:47:15:783; 0.0278;13.8012; 0.3825;
2024.09.30_08:47:20:793; 0.0277;13.8012; 0.3825;
2024.09.30_08:47:25:788; 0.0277;13.8012; 0.3825;
2024.09.30_08:47:30:784; 0.0277;13.8012; 0.3825;
2024.09.30_08:47:35:792; 0.0277;13.8012; 0.3813;
2024.09.30_08:47:40:792; 0.0277;13.8012; 0.3813;
2024.09.30_08:47:45:785; 0.0276;13.8012; 0.3813;
2024.09.30_08:47:50:794; 0.0276;13.8012; 0.3813;
2024.09.30_08:47:55:792; 0.0276;13.8012; 0.3813;
2024.09.30_08:48:00:790; 0.0276;13.8012; 0.3800;
2024.09.30_08:48:05:793; 0.0275;13.8012; 0.3800;
2024.09.30_08:48:10:792; 0.0275;13.8012; 0.3800;
2024.09.30_08:48:15:782; 0.0275;13.8012; 0.3800;
2024.09.30_08:48:20:790; 0.0275;13.8012; 0.3800;
2024.09.30_08:48:25:792; 0.0275;13.8012; 0.3788;
2024.09.30_08:48:30:780; 0.0275;13.8012; 0.3788;
2024.09.30_08:48:35:790; 0.0275;13.8012; 0.3788;
2024.09.30_08:48:40:788; 0.0274;13.8012; 0.3775;
2024.09.30_08:48:45:788; 0.0274;13.8012; 0.3775;
2024.09.30_08:48:50:787; 0.0274;13.8012; 0.3775;
2024.09.30_08:48:55:784; 0.0274;13.8012; 0.3775;
2024.09.30_08:49:00:793; 0.0274;13.8012; 0.3775;
2024.09.30_08:49:05:785; 0.0273;13.8012; 0.3763;
2024.09.30_08:49:10:785; 0.0273;13.8012; 0.3763;
2024.09.30_08:49:15:792; 0.0273;13.8012; 0.3763;
2024.09.30_08:49:20:781; 0.0273;13.8012; 0.3763;
2024.09.30_08:49:25:784; 0.0273;13.8012; 0.3763;
2024.09.30_08:49:30:791; 0.0274;13.8012; 0.3775;
2024.09.30_08:49:35:786; 0.0272;13.8012; 0.3763;
2024.09.30_08:49:40:780; 0.0272;13.8012; 0.3763;
2024.09.30_08:49:45:788; 0.0272;13.8012; 0.3750;
2024.09.30_08:49:50:787; 0.0272;13.8012; 0.3750;
2024.09.30_08:49:55:782; 0.0272;13.8012; 0.3750;
2024.09.30_08:50:00:786; 0.0272;13.8012; 0.3750;
2024.09.30_08:50:05:799; 0.0272;13.8012; 0.3750;
2024.09.30_08:50:10:801; 0.0271;13.8012; 0.3738;
2024.09.30_08:50:15:801; 0.0271;13.8012; 0.3738;
2024.09.30_08:50:20:798; 0.0271;13.8012; 0.3738;
2024.09.30_08:50:25:802; 0.0271;13.8012; 0.3738;
2024.09.30_08:50:30:793; 0.0271;13.8012; 0.3738;
2024.09.30_08:50:35:800; 0.0271;13.8012; 0.3725;
2024.09.30_08:50:40:804; 0.0270;13.8012; 0.3725;
2024.09.30_08:50:45:803; 0.0270;13.8012; 0.3725;
2024.09.30_08:50:50:794; 0.0270;13.8012; 0.3725;
2024.09.30_08:50:55:792; 0.0270;13.8012; 0.3725;
2024.09.30_08:51:00:805; 0.0270;13.8012; 0.3725;
2024.09.30_08:51:05:795; 0.0270;13.8012; 0.3725;
2024.09.30_08:51:10:800; 0.0269;13.8012; 0.3713;
2024.09.30_08:51:15:792; 0.0269;13.8012; 0.3713;
2024.09.30_08:51:20:799; 0.0269;13.8012; 0.3713;
2024.09.30_08:51:25:805; 0.0269;13.8012; 0.3713;
2024.09.30_08:51:30:793; 0.0268;13.8012; 0.3700;
2024.09.30_08:51:35:795; 0.0268;13.8012; 0.3700;
2024.09.30_08:51:40:797; 0.0268;13.8012; 0.3700;
2024.09.30_08:51:45:806; 0.0268;13.8012; 0.3700;
2024.09.30_08:51:50:796; 0.0268;13.8012; 0.3700;
2024.09.30_08:51:55:794; 0.0268;13.8012; 0.3700;
2024.09.30_08:52:00:793; 0.0267;13.8012; 0.3688;
2024.09.30_08:52:05:799; 0.0267;13.8012; 0.3688;
2024.09.30_08:52:10:795; 0.0267;13.8012; 0.3688;
2024.09.30_08:52:15:797; 0.0267;13.8025; 0.3688;
2024.09.30_08:52:20:801; 0.0267;13.8012; 0.3688;
2024.09.30_08:52:25:791; 0.0266;13.8025; 0.3675;
2024.09.30_08:52:30:798; 0.0266;13.8012; 0.3675;
2024.09.30_08:52:35:789; 0.0266;13.8025; 0.3663;
2024.09.30_08:52:40:791; 0.0266;13.8012; 0.3663;
2024.09.30_08:52:45:800; 0.0266;13.8012; 0.3663;
2024.09.30_08:52:50:789; 0.0266;13.8012; 0.3663;
2024.09.30_08:52:55:791; 0.0265;13.8012; 0.3663;
2024.09.30_08:53:00:803; 0.0265;13.8025; 0.3663;
2024.09.30_08:53:05:797; 0.0265;13.8025; 0.3663;
2024.09.30_08:53:10:800; 0.0265;13.8025; 0.3650;
2024.09.30_08:53:15:801; 0.0264;13.8012; 0.3650;
2024.09.30_08:53:20:795; 0.0265;13.8012; 0.3650;
2024.09.30_08:53:25:795; 0.0264;13.8025; 0.3650;
2024.09.30_08:53:30:801; 0.0264;13.8025; 0.3650;
2024.09.30_08:53:35:801; 0.0264;13.8025; 0.3650;
2024.09.30_08:53:40:789; 0.0264;13.8025; 0.3638;
2024.09.30_08:53:45:791; 0.0263;13.8025; 0.3638;
2024.09.30_08:53:50:795; 0.0263;13.8025; 0.3625;
2024.09.30_08:53:55:791; 0.0263;13.8025; 0.3625;
2024.09.30_08:54:00:789; 0.0263;13.8025; 0.3625;
2024.09.30_08:54:05:789; 0.0262;13.8025; 0.3625;
2024.09.30_08:54:10:794; 0.0262;13.8025; 0.3625;
2024.09.30_08:54:15:798; 0.0262;13.8025; 0.3625;
2024.09.30_08:54:20:797; 0.0261;13.8025; 0.3613;
2024.09.30_08:54:25:800; 0.0262;13.8025; 0.3613;
2024.09.30_08:54:30:801; 0.0262;13.8025; 0.3613;
2024.09.30_08:54:35:787; 0.0261;13.8025; 0.3613;
2024.09.30_08:54:40:798; 0.0262;13.8025; 0.3613;
2024.09.30_08:54:45:795; 0.0261;13.8025; 0.3600;
2024.09.30_08:54:50:799; 0.0261;13.8025; 0.3600;
2024.09.30_08:54:55:793; 0.0261;13.8025; 0.3600;
2024.09.30_08:55:00:800; 0.0261;13.8025; 0.3600;
2024.09.30_08:55:05:791; 0.0261;13.8025; 0.3600;
2024.09.30_08:55:10:792; 0.0261;13.8025; 0.3600;
2024.09.30_08:55:15:786; 0.0261;13.8025; 0.3588;
2024.09.30_08:55:20:789; 0.0261;13.8025; 0.3600;
2024.09.30_08:55:25:794; 0.0260;13.8025; 0.3588;
2024.09.30_08:55:30:790; 0.0260;13.8025; 0.3588;
2024.09.30_08:55:35:793; 0.0260;13.8025; 0.3588;
2024.09.30_08:55:40:792; 0.0260;13.8025; 0.3588;
2024.09.30_08:55:45:799; 0.0260;13.8025; 0.3575;
2024.09.30_08:55:50:800; 0.0259;13.8025; 0.3588;
2024.09.30_08:55:55:798; 0.0259;13.8025; 0.3588;
2024.09.30_08:56:00:799; 0.0259;13.8025; 0.3575;
2024.09.30_08:56:05:787; 0.0259;13.8025; 0.3575;
2024.09.30_08:56:10:789; 0.0259;13.8025; 0.3575;
2024.09.30_08:56:15:785; 0.0258;13.8025; 0.3563;
2024.09.30_08:56:20:799; 0.0259;13.8025; 0.3575;
2024.09.30_08:56:25:788; 0.0259;13.8025; 0.3563;
2024.09.30_08:56:30:796; 0.0258;13.8025; 0.3563;
2024.09.30_08:56:35:788; 0.0258;13.8025; 0.3563;
2024.09.30_08:56:40:791; 0.0258;13.8025; 0.3563;
2024.09.30_08:56:45:784; 0.0258;13.8025; 0.3563;
2024.09.30_08:56:50:793; 0.0257;13.8025; 0.3550;
2024.09.30_08:56:55:797; 0.0258;13.8025; 0.3550;
2024.09.30_08:57:00:788; 0.0257;13.8025; 0.3538;
2024.09.30_08:57:05:797; 0.0257;13.8025; 0.3550;
2024.09.30_08:57:10:786; 0.0257;13.8025; 0.3550;
2024.09.30_08:57:15:788; 0.0257;13.8025; 0.3538;
2024.09.30_08:57:20:792; 0.0257;13.8025; 0.3538;
2024.09.30_08:57:25:798; 0.0256;13.8025; 0.3538;
2024.09.30_08:57:30:793; 0.0256;13.8025; 0.3538;
2024.09.30_08:57:35:789; 0.0257;13.8025; 0.3538;
2024.09.30_08:57:40:796; 0.0256;13.8025; 0.3538;
2024.09.30_08:57:45:793; 0.0256;13.8025; 0.3538;
2024.09.30_08:57:50:794; 0.0256;13.8025; 0.3538;
2024.09.30_08:57:55:796; 0.0255;13.8025; 0.3525;
2024.09.30_08:58:00:789; 0.0255;13.8025; 0.3525;
2024.09.30_08:58:05:807; 0.0255;13.8025; 0.3525;
2024.09.30_08:58:10:806; 0.0255;13.8025; 0.3525;
2024.09.30_08:58:15:811; 0.0255;13.8025; 0.3525;
2024.09.30_08:58:20:803; 0.0255;13.8025; 0.3513;
2024.09.30_08:58:25:802; 0.0255;13.8025; 0.3513;
2024.09.30_08:58:30:807; 0.0254;13.8025; 0.3513;
2024.09.30_08:58:35:799; 0.0254;13.8025; 0.3513;
2024.09.30_08:58:40:804; 0.0254;13.8025; 0.3513;
2024.09.30_08:58:45:802; 0.0254;13.8025; 0.3513;
2024.09.30_08:58:50:804; 0.0254;13.8025; 0.3513;
2024.09.30_08:58:55:804; 0.0254;13.8025; 0.3500;
2024.09.30_08:59:00:808; 0.0254;13.8025; 0.3500;
2024.09.30_08:59:05:806; 0.0254;13.8025; 0.3500;
2024.09.30_08:59:10:798; 0.0253;13.8025; 0.3500;
2024.09.30_08:59:15:804; 0.0253;13.8025; 0.3500;
2024.09.30_08:59:20:799; 0.0253;13.8025; 0.3488;
2024.09.30_08:59:25:807; 0.0253;13.8025; 0.3488;
2024.09.30_08:59:30:802; 0.0253;13.8025; 0.3488;
2024.09.30_08:59:35:800; 0.0253;13.8025; 0.3488;
2024.09.30_08:59:40:804; 0.0252;13.8025; 0.3488;
2024.09.30_08:59:45:802; 0.0252;13.8025; 0.3475;
2024.09.30_08:59:50:807; 0.0252;13.8025; 0.3475;
2024.09.30_08:59:55:801; 0.0252;13.8025; 0.3475;
2024.09.30_09:00:00:804; 0.0252;13.8025; 0.3475;
2024.09.30_09:00:05:807; 0.0252;13.8025; 0.3475;
2024.09.30_09:00:10:805; 0.0251;13.8038; 0.3475;
2024.09.30_09:00:15:803; 0.0251;13.8025; 0.3463;
2024.09.30_09:00:20:802; 0.0251;13.8025; 0.3450;
2024.09.30_09:00:25:800; 0.0251;13.8025; 0.3463;
2024.09.30_09:00:30:811; 0.0251;13.8025; 0.3463;
2024.09.30_09:00:35:800; 0.0251;13.8025; 0.3463;
2024.09.30_09:00:40:808; 0.0251;13.8025; 0.3463;
2024.09.30_09:00:45:800; 0.0250;13.8025; 0.3450;
+++ÀÊÁ ¹sss-02; Cïîäçàðÿäà= 0.0329; Wïîäçàðÿäà= 0.4540+++
2024.09.30_09:00:50:796;-0.7272;12.9200; 9.3950;
2024.09.30_09:00:55:803;-0.7266;12.7300; 9.2500;
2024.09.30_09:01:00:797;-0.7261;12.5900; 9.1413;
2024.09.30_09:01:05:799;-0.7257;12.4938; 9.0675;
2024.09.30_09:01:10:812;-0.7254;12.4162; 9.0062;
2024.09.30_09:01:15:824;-0.7251;12.3575; 8.9612;
2024.09.30_09:01:20:812;-0.7248;12.3075; 8.9213;
2024.09.30_09:01:25:823;-0.7247;12.2662; 8.8887;
2024.09.30_09:01:30:825;-0.7245;12.2287; 8.8600;
2024.09.30_09:01:35:815;-0.7244;12.1937; 8.8338;
2024.09.30_09:01:40:810;-0.7243;12.1625; 8.8100;
2024.09.30_09:01:45:821;-0.7242;12.1325; 8.7850;
2024.09.30_09:01:50:815;-0.7241;12.1037; 8.7637;
2024.09.30_09:01:55:823;-0.7239;12.0775; 8.7425;
2024.09.30_09:02:00:814;-0.7239;12.0500; 8.7225;
2024.09.30_09:02:05:817;-0.7238;12.0237; 8.7038;
2024.09.30_09:02:10:822;-0.7238;11.9988; 8.6837;
2024.09.30_09:02:15:823;-0.7237;11.9738; 8.6662;
2024.09.30_09:02:20:821;-0.7237;11.9488; 8.6463;
2024.09.30_09:02:25:819;-0.7237;11.9262; 8.6300;
2024.09.30_09:02:30:809;-0.7236;11.9038; 8.6137;
2024.09.30_09:02:35:817;-0.7236;11.8800; 8.5950;
2024.09.30_09:02:40:819;-0.7236;11.8575; 8.5800;
2024.09.30_09:02:45:815;-0.7236;11.8362; 8.5638;
2024.09.30_09:02:50:816;-0.7235;11.8150; 8.5475;
2024.09.30_09:02:55:810;-0.7235;11.7938; 8.5325;
2024.09.30_09:03:00:811;-0.7235;11.7725; 8.5175;
2024.09.30_09:03:05:818;-0.7235;11.7525; 8.5025;
2024.09.30_09:03:10:812;-0.7235;11.7300; 8.4863;
2024.09.30_09:03:15:819;-0.7234;11.7100; 8.4713;
2024.09.30_09:03:20:819;-0.7234;11.6900; 8.4563;
2024.09.30_09:03:25:810;-0.7234;11.6688; 8.4413;
2024.09.30_09:03:30:810;-0.7234;11.6475; 8.4250;
2024.09.30_09:03:35:823;-0.7234;11.6250; 8.4088;
2024.09.30_09:03:40:813;-0.7234;11.6037; 8.3925;
2024.09.30_09:03:45:812;-0.7234;11.5800; 8.3763;
2024.09.30_09:03:50:819;-0.7233;11.5575; 8.3600;
2024.09.30_09:03:55:811;-0.7233;11.5350; 8.3438;
2024.09.30_09:04:00:808;-0.7233;11.5100; 8.3250;
2024.09.30_09:04:05:816;-0.7233;11.4875; 8.3087;
2024.09.30_09:04:10:808;-0.7233;11.4612; 8.2900;
2024.09.30_09:04:15:816;-0.7233;11.4362; 8.2725;
2024.09.30_09:04:20:817;-0.7233;11.4113; 8.2538;
2024.09.30_09:04:25:829;-0.7233;11.3850; 8.2338;
2024.09.30_09:04:30:851;-0.7233;11.3575; 8.2150;
2024.09.30_09:04:35:851;-0.7232;11.3300; 8.1937;
2024.09.30_09:04:40:837;-0.7232;11.3025; 8.1750;
2024.09.30_09:04:45:838;-0.7232;11.2737; 8.1538;
2024.09.30_09:04:50:840;-0.7232;11.2462; 8.1325;
2024.09.30_09:04:55:845;-0.7232;11.2175; 8.1125;
2024.09.30_09:05:00:848;-0.7232;11.1875; 8.0913;
2024.09.30_09:05:05:844;-0.7232;11.1600; 8.0713;
2024.09.30_09:05:10:845;-0.7232;11.1300; 8.0488;
2024.09.30_09:05:15:841;-0.7232;11.1013; 8.0288;
2024.09.30_09:05:20:847;-0.7232;11.0713; 8.0062;
2024.09.30_09:05:25:850;-0.7232;11.0438; 7.9875;
2024.09.30_09:05:30:846;-0.7231;11.0162; 7.9663;
2024.09.30_09:05:35:837;-0.7231;10.9887; 7.9450;
2024.09.30_09:05:40:836;-0.7231;10.9612; 7.9263;
2024.09.30_09:05:45:846;-0.7231;10.9337; 7.9050;
2024.09.30_09:05:50:844;-0.7231;10.9075; 7.8875;
2024.09.30_09:05:55:848;-0.7231;10.8800; 7.8675;
2024.09.30_09:06:00:839;-0.7231;10.8525; 7.8463;
2024.09.30_09:06:05:849;-0.7231;10.8238; 7.8263;
+++ÀÊÁ ¹sss-02; Cðàçðÿäà=-0.0645; Wðàçðÿäà= 0.7520+++
2024.09.30_09:06:10:846; 0.5211;13.5762; 7.0738;
2024.09.30_09:06:15:848; 0.4922;13.5938; 6.6900;
2024.09.30_09:06:20:837; 0.4805;13.6025; 6.5350;
2024.09.30_09:06:25:844; 0.4610;13.6125; 6.2750;
2024.09.30_09:06:30:838; 0.4405;13.6188; 5.9988;
2024.09.30_09:06:35:834; 0.4074;13.6063; 5.5438;
2024.09.30_09:06:40:838; 0.3933;13.6200; 5.3563;
2024.09.30_09:06:45:848; 0.3864;13.6487; 5.2738;
2024.09.30_09:06:50:840; 0.3713;13.6613; 5.0725;
2024.09.30_09:06:55:841; 0.3492;13.6625; 4.7700;
2024.09.30_09:07:00:838; 0.3341;13.6750; 4.5675;
2024.09.30_09:07:05:839; 0.3262;13.6937; 4.4663;
2024.09.30_09:07:10:835; 0.3049;13.6937; 4.1763;
2024.09.30_09:07:15:840; 0.2949;13.7050; 4.0425;
2024.09.30_09:07:20:833; 0.2810;13.7100; 3.8538;
2024.09.30_09:07:25:842; 0.2651;13.7112; 3.6338;
2024.09.30_09:07:30:835; 0.2535;13.7150; 3.4775;
2024.09.30_09:07:35:840; 0.2445;13.7212; 3.3550;
2024.09.30_09:07:40:839; 0.2303;13.7175; 3.1600;
2024.09.30_09:07:45:836; 0.2227;13.7212; 3.0563;
2024.09.30_09:07:50:839; 0.2154;13.7250; 2.9563;
2024.09.30_09:07:55:841; 0.2126;13.7325; 2.9188;
2024.09.30_09:08:00:846; 0.2078;13.7387; 2.8538;
2024.09.30_09:08:05:857; 0.2056;13.7475; 2.8275;
2024.09.30_09:08:10:854; 0.2000;13.7500; 2.7488;
2024.09.30_09:08:15:849; 0.1947;13.7525; 2.6775;
2024.09.30_09:08:20:863; 0.1872;13.7513; 2.5750;
2024.09.30_09:08:25:848; 0.1815;13.7513; 2.4950;
2024.09.30_09:08:30:862; 0.1802;13.7550; 2.4788;
2024.09.30_09:08:35:850; 0.1778;13.7588; 2.4450;
2024.09.30_09:08:40:854; 0.1720;13.7575; 2.3662;
2024.09.30_09:08:45:853; 0.1691;13.7588; 2.3275;
2024.09.30_09:08:50:855; 0.1663;13.7600; 2.2888;
2024.09.30_09:08:55:856; 0.1634;13.7613; 2.2488;
2024.09.30_09:09:00:853; 0.1584;13.7588; 2.1775;
2024.09.30_09:09:05:854; 0.1550;13.7575; 2.1325;
2024.09.30_09:09:10:850; 0.1504;13.7562; 2.0688;
2024.09.30_09:09:15:858; 0.1473;13.7538; 2.0250;
2024.09.30_09:09:20:847; 0.1436;13.7513; 1.9763;
2024.09.30_09:09:25:862; 0.1416;13.7500; 1.9475;
2024.09.30_09:09:30:855; 0.1416;13.7525; 1.9488;
2024.09.30_09:09:35:847; 0.1392;13.7525; 1.9138;
2024.09.30_09:09:40:859; 0.1365;13.7500; 1.8750;
2024.09.30_09:09:45:846; 0.1342;13.7488; 1.8450;
2024.09.30_09:09:50:847; 0.1325;13.7488; 1.8213;
2024.09.30_09:09:55:861; 0.1338;13.7513; 1.8388;
2024.09.30_09:10:00:860; 0.1347;13.7550; 1.8525;
2024.09.30_09:10:05:860; 0.1340;13.7562; 1.8425;
2024.09.30_09:10:10:856; 0.1330;13.7575; 1.8288;
2024.09.30_09:10:15:851; 0.1357;13.7625; 1.8675;
2024.09.30_09:10:20:855; 0.1343;13.7637; 1.8500;
2024.09.30_09:10:25:846; 0.1325;13.7637; 1.8237;
2024.09.30_09:10:30:851; 0.1313;13.7650; 1.8075;
2024.09.30_09:10:35:856; 0.1302;13.7650; 1.7925;
2024.09.30_09:10:40:861; 0.1293;13.7650; 1.7788;
2024.09.30_09:10:45:853; 0.1290;13.7662; 1.7763;
2024.09.30_09:10:50:858; 0.1275;13.7662; 1.7550;
2024.09.30_09:10:55:851; 0.1269;13.7675; 1.7475;
2024.09.30_09:11:00:860; 0.1273;13.7688; 1.7512;
2024.09.30_09:11:05:871; 0.1267;13.7700; 1.7450;
2024.09.30_09:11:10:871; 0.1262;13.7713; 1.7388;
2024.09.30_09:11:15:874; 0.1254;13.7725; 1.7275;
2024.09.30_09:11:20:868; 0.1247;13.7725; 1.7175;
2024.09.30_09:11:25:867; 0.1255;13.7750; 1.7288;
2024.09.30_09:11:30:870; 0.1253;13.7763; 1.7263;
2024.09.30_09:11:35:874; 0.1240;13.7763; 1.7063;
2024.09.30_09:11:40:861; 0.1239;13.7775; 1.7063;
2024.09.30_09:11:45:867; 0.1230;13.7775; 1.6938;
2024.09.30_09:11:50:874; 0.1223;13.7775; 1.6838;
2024.09.30_09:11:55:867; 0.1212;13.7775; 1.6688;
2024.09.30_09:12:00:861; 0.1208;13.7788; 1.6625;
2024.09.30_09:12:05:868; 0.1201;13.7788; 1.6538;
2024.09.30_09:12:10:871; 0.1193;13.7788; 1.6438;
2024.09.30_09:12:15:866; 0.1188;13.7788; 1.6362;
2024.09.30_09:12:20:866; 0.1184;13.7800; 1.6313;
2024.09.30_09:12:25:867; 0.1179;13.7800; 1.6250;
2024.09.30_09:12:30:873; 0.1173;13.7800; 1.6163;
2024.09.30_09:12:35:873; 0.1169;13.7800; 1.6113;
2024.09.30_09:12:40:873; 0.1163;13.7800; 1.6025;
2024.09.30_09:12:45:865; 0.1161;13.7812; 1.6000;
2024.09.30_09:12:50:862; 0.1158;13.7812; 1.5963;
2024.09.30_09:12:55:869; 0.1154;13.7812; 1.5900;
2024.09.30_09:13:00:860; 0.1150;13.7825; 1.5850;
2024.09.30_09:13:05:870; 0.1145;13.7825; 1.5788;
2024.09.30_09:13:10:873; 0.1142;13.7825; 1.5737;
2024.09.30_09:13:15:884; 0.1137;13.7825; 1.5675;
2024.09.30_09:13:20:875; 0.1132;13.7825; 1.5600;
2024.09.30_09:13:25:888; 0.1129;13.7825; 1.5550;
2024.09.30_09:13:30:878; 0.1121;13.7825; 1.5450;
2024.09.30_09:13:35:881; 0.1113;13.7825; 1.5338;
2024.09.30_09:13:40:874; 0.1113;13.7825; 1.5338;
2024.09.30_09:13:45:874; 0.1111;13.7825; 1.5312;
2024.09.30_09:13:50:883; 0.1110;13.7837; 1.5300;
2024.09.30_09:13:55:887; 0.1105;13.7837; 1.5212;
2024.09.30_09:14:00:881; 0.1103;13.7837; 1.5200;
2024.09.30_09:14:05:880; 0.1097;13.7837; 1.5125;
2024.09.30_09:14:10:876; 0.1096;13.7837; 1.5100;
2024.09.30_09:14:15:874; 0.1090;13.7837; 1.5025;
2024.09.30_09:14:20:880; 0.1087;13.7837; 1.4975;
2024.09.30_09:14:25:875; 0.1085;13.7837; 1.4950;
2024.09.30_09:14:30:884; 0.1082;13.7850; 1.4912;
2024.09.30_09:14:35:886; 0.1077;13.7850; 1.4850;
2024.09.30_09:14:40:898; 0.1074;13.7850; 1.4800;
2024.09.30_09:14:45:893; 0.1070;13.7850; 1.4750;
2024.09.30_09:14:50:901; 0.1066;13.7850; 1.4700;
2024.09.30_09:14:55:900; 0.1064;13.7850; 1.4663;
2024.09.30_09:15:00:888; 0.1061;13.7850; 1.4613;
2024.09.30_09:15:05:887; 0.1058;13.7850; 1.4575;
2024.09.30_09:15:10:896; 0.1059;13.7850; 1.4600;
2024.09.30_09:15:15:895; 0.1053;13.7850; 1.4513;
2024.09.30_09:15:20:890; 0.1050;13.7850; 1.4463;
2024.09.30_09:15:25:901; 0.1046;13.7850; 1.4413;
2024.09.30_09:15:30:888; 0.1042;13.7850; 1.4363;
2024.09.30_09:15:35:891; 0.1041;13.7850; 1.4350;
2024.09.30_09:15:40:895; 0.1038;13.7863; 1.4313;
2024.09.30_09:15:45:895; 0.1032;13.7850; 1.4225;
2024.09.30_09:15:50:898; 0.1031;13.7850; 1.4213;
2024.09.30_09:15:55:900; 0.1032;13.7863; 1.4225;
2024.09.30_09:16:00:899; 0.1031;13.7863; 1.4213;
2024.09.30_09:16:05:899; 0.1028;13.7863; 1.4163;
2024.09.30_09:16:10:887; 0.1026;13.7863; 1.4138;
2024.09.30_09:16:15:891; 0.1024;13.7863; 1.4125;
2024.09.30_09:16:20:887; 0.1019;13.7863; 1.4062;
2024.09.30_09:16:25:891; 0.1019;13.7863; 1.4050;
2024.09.30_09:16:30:889; 0.1018;13.7875; 1.4038;
2024.09.30_09:16:35:899; 0.1015;13.7875; 1.3988;
2024.09.30_09:16:40:895; 0.1013;13.7875; 1.3962;
2024.09.30_09:16:45:887; 0.1011;13.7875; 1.3925;
2024.09.30_09:16:50:895; 0.1008;13.7875; 1.3888;
2024.09.30_09:16:55:895; 0.1005;13.7875; 1.3862;
2024.09.30_09:17:00:888; 0.1004;13.7875; 1.3850;
2024.09.30_09:17:05:909; 0.1002;13.7875; 1.3825;
2024.09.30_09:17:10:909; 0.1000;13.7875; 1.3788;
2024.09.30_09:17:15:903; 0.0998;13.7875; 1.3762;
2024.09.30_09:17:20:905; 0.0996;13.7875; 1.3738;
2024.09.30_09:17:25:915; 0.0993;13.7875; 1.3700;
2024.09.30_09:17:30:914; 0.0992;13.7875; 1.3662;
2024.09.30_09:17:35:906; 0.0990;13.7888; 1.3650;
2024.09.30_09:17:40:902; 0.0987;13.7875; 1.3600;
2024.09.30_09:17:45:944; 0.0985;13.7875; 1.3575;
2024.09.30_09:17:50:938; 0.0984;13.7888; 1.3562;
2024.09.30_09:17:55:939; 0.0981;13.7888; 1.3525;
2024.09.30_09:18:00:940; 0.0979;13.7888; 1.3500;
2024.09.30_09:18:05:942; 0.0979;13.7888; 1.3488;
2024.09.30_09:18:10:935; 0.0978;13.7888; 1.3475;
2024.09.30_09:18:15:942; 0.0975;13.7888; 1.3450;
2024.09.30_09:18:20:939; 0.0973;13.7888; 1.3413;
2024.09.30_09:18:25:945; 0.0972;13.7888; 1.3400;
2024.09.30_09:18:30:939; 0.0971;13.7888; 1.3388;
2024.09.30_09:18:35:934; 0.0968;13.7888; 1.3337;
2024.09.30_09:18:40:938; 0.0965;13.7888; 1.3313;
2024.09.30_09:18:45:929; 0.0964;13.7888; 1.3288;
2024.09.30_09:18:50:941; 0.0961;13.7888; 1.3250;
2024.09.30_09:18:55:943; 0.0961;13.7900; 1.3237;
2024.09.30_09:19:00:937; 0.0958;13.7888; 1.3213;
2024.09.30_09:19:05:932; 0.0958;13.7900; 1.3200;
2024.09.30_09:19:10:943; 0.0956;13.7900; 1.3188;
2024.09.30_09:19:15:935; 0.0955;13.7900; 1.3175;
2024.09.30_09:19:20:941; 0.0953;13.7900; 1.3137;
2024.09.30_09:19:25:943; 0.0951;13.7900; 1.3125;
2024.09.30_09:19:30:940; 0.0950;13.7900; 1.3100;
2024.09.30_09:19:35:936; 0.0948;13.7900; 1.3075;
2024.09.30_09:19:40:936; 0.0947;13.7900; 1.3050;
2024.09.30_09:19:45:933; 0.0946;13.7900; 1.3050;
2024.09.30_09:19:50:941; 0.0944;13.7900; 1.3013;
2024.09.30_09:19:55:930; 0.0941;13.7900; 1.2975;
2024.09.30_09:20:00:929; 0.0941;13.7900; 1.2975;
2024.09.30_09:20:05:932; 0.0939;13.7900; 1.2950;
2024.09.30_09:20:10:940; 0.0937;13.7900; 1.2925;
2024.09.30_09:20:15:931; 0.0936;13.7900; 1.2913;
2024.09.30_09:20:20:931; 0.0935;13.7900; 1.2900;
2024.09.30_09:20:25:939; 0.0934;13.7912; 1.2875;
2024.09.30_09:20:30:937; 0.0932;13.7912; 1.2850;
2024.09.30_09:20:35:933; 0.0930;13.7912; 1.2825;
2024.09.30_09:20:40:932; 0.0929;13.7912; 1.2812;
2024.09.30_09:20:45:942; 0.0927;13.7912; 1.2775;
2024.09.30_09:20:50:939; 0.0926;13.7912; 1.2775;
2024.09.30_09:20:55:928; 0.0924;13.7912; 1.2738;
2024.09.30_09:21:00:930; 0.0922;13.7912; 1.2725;
2024.09.30_09:21:05:936; 0.0921;13.7912; 1.2700;
2024.09.30_09:21:10:935; 0.0919;13.7912; 1.2675;
2024.09.30_09:21:15:940; 0.0917;13.7912; 1.2650;
2024.09.30_09:21:20:927; 0.0916;13.7912; 1.2625;
2024.09.30_09:21:25:934; 0.0914;13.7912; 1.2600;
2024.09.30_09:21:30:940; 0.0913;13.7912; 1.2588;
2024.09.30_09:21:35:926; 0.0912;13.7912; 1.2563;
2024.09.30_09:21:40:934; 0.0911;13.7912; 1.2550;
2024.09.30_09:21:45:938; 0.0909;13.7912; 1.2525;
2024.09.30_09:21:50:931; 0.0907;13.7912; 1.2500;
2024.09.30_09:21:55:940; 0.0906;13.7912; 1.2488;
2024.09.30_09:22:00:926; 0.0906;13.7912; 1.2488;
2024.09.30_09:22:05:937; 0.0904;13.7912; 1.2463;
2024.09.30_09:22:10:933; 0.0902;13.7912; 1.2438;
2024.09.30_09:22:15:937; 0.0902;13.7912; 1.2438;
2024.09.30_09:22:20:932; 0.0902;13.7912; 1.2425;
2024.09.30_09:22:25:926; 0.0898;13.7912; 1.2388;
2024.09.30_09:22:30:937; 0.0900;13.7925; 1.2412;
2024.09.30_09:22:35:926; 0.0898;13.7925; 1.2375;
2024.09.30_09:22:40:930; 0.0897;13.7925; 1.2363;
2024.09.30_09:22:45:925; 0.0896;13.7925; 1.2350;
2024.09.30_09:22:50:926; 0.0894;13.7925; 1.2325;
2024.09.30_09:22:55:929; 0.0891;13.7912; 1.2288;
2024.09.30_09:23:00:939; 0.0891;13.7925; 1.2288;
2024.09.30_09:23:05:932; 0.0888;13.7925; 1.2250;
2024.09.30_09:23:10:931; 0.0888;13.7925; 1.2238;
2024.09.30_09:23:15:924; 0.0886;13.7925; 1.2213;
2024.09.30_09:23:20:934; 0.0884;13.7925; 1.2200;
2024.09.30_09:23:25:930; 0.0883;13.7925; 1.2188;
2024.09.30_09:23:30:925; 0.0883;13.7925; 1.2175;
2024.09.30_09:23:35:925; 0.0882;13.7925; 1.2163;
2024.09.30_09:23:40:924; 0.0878;13.7925; 1.2125;
2024.09.30_09:23:45:937; 0.0878;13.7925; 1.2113;
2024.09.30_09:23:50:929; 0.0877;13.7925; 1.2100;
2024.09.30_09:23:55:936; 0.0876;13.7925; 1.2087;
2024.09.30_09:24:00:929; 0.0874;13.7925; 1.2063;
2024.09.30_09:24:05:925; 0.0873;13.7925; 1.2038;
2024.09.30_09:24:10:932; 0.0873;13.7925; 1.2050;
2024.09.30_09:24:15:947; 0.0871;13.7925; 1.2013;
2024.09.30_09:24:20:953; 0.0871;13.7925; 1.2013;
2024.09.30_09:24:25:939; 0.0868;13.7925; 1.1975;
2024.09.30_09:24:30:953; 0.0867;13.7925; 1.1963;
2024.09.30_09:24:35:947; 0.0866;13.7925; 1.1950;
2024.09.30_09:24:40:942; 0.0865;13.7925; 1.1938;
2024.09.30_09:24:45:945; 0.0864;13.7925; 1.1925;
2024.09.30_09:24:50:947; 0.0863;13.7925; 1.1900;
2024.09.30_09:24:55:948; 0.0863;13.7925; 1.1900;
2024.09.30_09:25:00:939; 0.0863;13.7925; 1.1900;
2024.09.30_09:25:05:949; 0.0861;13.7925; 1.1875;
2024.09.30_09:25:10:947; 0.0859;13.7925; 1.1850;
2024.09.30_09:25:15:939; 0.0859;13.7925; 1.1838;
2024.09.30_09:25:20:939; 0.0859;13.7938; 1.1850;
2024.09.30_09:25:25:945; 0.0858;13.7925; 1.1825;
2024.09.30_09:25:30:951; 0.0856;13.7938; 1.1800;
2024.09.30_09:25:35:941; 0.0854;13.7938; 1.1787;
2024.09.30_09:25:40:951; 0.0854;13.7938; 1.1787;
2024.09.30_09:25:45:939; 0.0853;13.7938; 1.1763;
2024.09.30_09:25:50:938; 0.0852;13.7938; 1.1750;
2024.09.30_09:25:55:949; 0.0851;13.7938; 1.1738;
2024.09.30_09:26:00:936; 0.0851;13.7938; 1.1738;
2024.09.30_09:26:05:938; 0.0849;13.7938; 1.1725;
2024.09.30_09:26:10:950; 0.0849;13.7938; 1.1700;
2024.09.30_09:26:15:951; 0.0849;13.7938; 1.1700;
2024.09.30_09:26:20:947; 0.0847;13.7938; 1.1675;
2024.09.30_09:26:25:944; 0.0846;13.7938; 1.1663;
2024.09.30_09:26:30:938; 0.0845;13.7938; 1.1650;
2024.09.30_09:26:35:945; 0.0843;13.7938; 1.1625;
2024.09.30_09:26:40:943; 0.0842;13.7938; 1.1613;
2024.09.30_09:26:45:950; 0.0840;13.7938; 1.1587;
2024.09.30_09:26:50:950; 0.0839;13.7938; 1.1575;
2024.09.30_09:26:55:937; 0.0839;13.7938; 1.1575;
2024.09.30_09:27:00:946; 0.0838;13.7938; 1.1562;
2024.09.30_09:27:05:938; 0.0838;13.7938; 1.1550;
2024.09.30_09:27:10:943; 0.0835;13.7938; 1.1525;
2024.09.30_09:27:15:950; 0.0835;13.7938; 1.1513;
2024.09.30_09:27:20:946; 0.0835;13.7938; 1.1513;
2024.09.30_09:27:25:938; 0.0832;13.7938; 1.1475;
2024.09.30_09:27:30:936; 0.0830;13.7938; 1.1450;
2024.09.30_09:27:35:945; 0.0831;13.7938; 1.1462;
2024.09.30_09:27:40:942; 0.0830;13.7938; 1.1450;
2024.09.30_09:27:45:949; 0.0829;13.7938; 1.1438;
2024.09.30_09:27:50:948; 0.0828;13.7938; 1.1413;
2024.09.30_09:27:55:948; 0.0827;13.7938; 1.1400;
2024.09.30_09:28:00:947; 0.0825;13.7938; 1.1375;
2024.09.30_09:28:05:946; 0.0824;13.7938; 1.1362;
2024.09.30_09:28:10:935; 0.0823;13.7938; 1.1350;
2024.09.30_09:28:15:938; 0.0825;13.7938; 1.1375;
2024.09.30_09:28:20:935; 0.0824;13.7950; 1.1362;
2024.09.30_09:28:25:940; 0.0821;13.7950; 1.1325;
2024.09.30_09:28:30:944; 0.0820;13.7950; 1.1313;
2024.09.30_09:28:35:946; 0.0820;13.7950; 1.1300;
2024.09.30_09:28:40:943; 0.0819;13.7950; 1.1288;
2024.09.30_09:28:45:936; 0.0818;13.7950; 1.1275;
2024.09.30_09:28:50:940; 0.0815;13.7950; 1.1238;
2024.09.30_09:28:55:941; 0.0815;13.7950; 1.1238;
2024.09.30_09:29:00:948; 0.0814;13.7950; 1.1225;
2024.09.30_09:29:05:935; 0.0813;13.7950; 1.1213;
2024.09.30_09:29:10:948; 0.0811;13.7950; 1.1188;
2024.09.30_09:29:15:963; 0.0810;13.7950; 1.1175;
2024.09.30_09:29:20:959; 0.0809;13.7950; 1.1150;
2024.09.30_09:29:25:956; 0.0808;13.7950; 1.1150;
2024.09.30_09:29:30:950; 0.0807;13.7950; 1.1138;
2024.09.30_09:29:35:953; 0.0806;13.7950; 1.1125;
2024.09.30_09:29:40:950; 0.0805;13.7950; 1.1100;
2024.09.30_09:29:45:950; 0.0804;13.7950; 1.1088;
2024.09.30_09:29:50:949; 0.0804;13.7950; 1.1100;
2024.09.30_09:29:55:951; 0.0803;13.7950; 1.1075;
2024.09.30_09:30:00:951; 0.0803;13.7950; 1.1075;
2024.09.30_09:30:05:951; 0.0802;13.7950; 1.1062;
2024.09.30_09:30:10:947; 0.0800;13.7950; 1.1038;
2024.09.30_09:30:15:949; 0.0798;13.7950; 1.1000;
2024.09.30_09:30:20:949; 0.0796;13.7950; 1.0988;
2024.09.30_09:30:25:949; 0.0796;13.7950; 1.0975;
2024.09.30_09:30:30:949; 0.0793;13.7950; 1.0925;
2024.09.30_09:30:35:948; 0.0792;13.7950; 1.0925;
2024.09.30_09:30:40:958; 0.0791;13.7950; 1.0913;
2024.09.30_09:30:45:959; 0.0791;13.7950; 1.0900;
2024.09.30_09:30:50:962; 0.0789;13.7950; 1.0875;
2024.09.30_09:30:55:977; 0.0788;13.7950; 1.0863;
2024.09.30_09:31:00:964; 0.0787;13.7950; 1.0863;
2024.09.30_09:31:05:965; 0.0786;13.7950; 1.0837;
2024.09.30_09:31:10:964; 0.0786;13.7950; 1.0837;
2024.09.30_09:31:15:976; 0.0785;13.7950; 1.0825;
2024.09.30_09:31:20:974; 0.0784;13.7950; 1.0813;
2024.09.30_09:31:25:966; 0.0782;13.7950; 1.0788;
2024.09.30_09:31:30:968; 0.0781;13.7950; 1.0763;
2024.09.30_09:31:35:963; 0.0780;13.7950; 1.0763;
2024.09.30_09:31:40:964; 0.0779;13.7950; 1.0750;
2024.09.30_09:31:45:962; 0.0778;13.7950; 1.0737;
2024.09.30_09:31:50:968; 0.0779;13.7963; 1.0737;
2024.09.30_09:31:55:962; 0.0776;13.7950; 1.0700;
2024.09.30_09:32:00:966; 0.0775;13.7950; 1.0688;
2024.09.30_09:32:05:984; 0.0772;13.7950; 1.0650;
2024.09.30_09:32:10:980; 0.0771;13.7950; 1.0625;
2024.09.30_09:32:15:976; 0.0770;13.7950; 1.0613;
2024.09.30_09:32:20:977; 0.0768;13.7950; 1.0600;
2024.09.30_09:32:25:984; 0.0767;13.7950; 1.0588;
2024.09.30_09:32:30:979; 0.0765;13.7950; 1.0550;
2024.09.30_09:32:35:990; 0.0765;13.7950; 1.0550;
2024.09.30_09:32:40:981; 0.0762;13.7950; 1.0525;
2024.09.30_09:32:45:000; 0.0762;13.7950; 1.0513;
2024.09.30_09:32:55:018; 0.0761;13.7950; 1.0488;
2024.09.30_09:33:00:022; 0.0760;13.7950; 1.0475;
2024.09.30_09:33:05:029; 0.0757;13.7963; 1.0450;
2024.09.30_09:33:10:022; 0.0757;13.7950; 1.0437;
2024.09.30_09:33:15:029; 0.0757;13.7963; 1.0437;
2024.09.30_09:33:20:034; 0.0754;13.7950; 1.0400;
2024.09.30_09:33:25:033; 0.0752;13.7950; 1.0388;
2024.09.30_09:33:30:023; 0.0751;13.7950; 1.0363;
2024.09.30_09:33:35:028; 0.0750;13.7963; 1.0337;
2024.09.30_09:33:40:034; 0.0748;13.7950; 1.0325;
2024.09.30_09:33:45:028; 0.0747;13.7963; 1.0300;
2024.09.30_09:33:50:022; 0.0746;13.7963; 1.0288;
2024.09.30_09:33:55:036; 0.0745;13.7963; 1.0275;
2024.09.30_09:34:00:024; 0.0743;13.7963; 1.0263;
2024.09.30_09:34:05:025; 0.0743;13.7963; 1.0250;
2024.09.30_09:34:10:035; 0.0741;13.7963; 1.0225;
2024.09.30_09:34:15:028; 0.0740;13.7963; 1.0200;
2024.09.30_09:34:20:026; 0.0738;13.7963; 1.0188;
2024.09.30_09:34:25:036; 0.0737;13.7963; 1.0163;
2024.09.30_09:34:30:027; 0.0736;13.7963; 1.0150;
2024.09.30_09:34:35:034; 0.0736;13.7963; 1.0138;
2024.09.30_09:34:40:024; 0.0733;13.7963; 1.0112;
2024.09.30_09:34:45:022; 0.0732;13.7963; 1.0088;
2024.09.30_09:34:50:021; 0.0731;13.7963; 1.0075;
2024.09.30_09:34:55:034; 0.0728;13.7963; 1.0050;
2024.09.30_09:35:00:034; 0.0728;13.7963; 1.0038;
2024.09.30_09:35:05:028; 0.0726;13.7963; 1.0012;
2024.09.30_09:35:10:025; 0.0724;13.7963; 0.9988;
2024.09.30_09:35:15:035; 0.0723;13.7963; 0.9963;
2024.09.30_09:35:20:041; 0.0722;13.7963; 0.9963;
2024.09.30_09:35:25:042; 0.0722;13.7963; 0.9950;
2024.09.30_09:35:30:047; 0.0718;13.7963; 0.9913;
2024.09.30_09:35:35:040; 0.0718;13.7963; 0.9913;
2024.09.30_09:35:40:046; 0.0717;13.7963; 0.9888;
2024.09.30_09:35:45:047; 0.0715;13.7963; 0.9863;
2024.09.30_09:35:50:046; 0.0713;13.7963; 0.9850;
2024.09.30_09:35:55:046; 0.0711;13.7963; 0.9813;
2024.09.30_09:36:00:039; 0.0709;13.7963; 0.9788;
2024.09.30_09:36:05:038; 0.0707;13.7963; 0.9763;
2024.09.30_09:36:10:037; 0.0707;13.7963; 0.9750;
2024.09.30_09:36:15:044; 0.0705;13.7963; 0.9725;
2024.09.30_09:36:20:044; 0.0703;13.7963; 0.9700;
2024.09.30_09:36:25:041; 0.0703;13.7963; 0.9700;
2024.09.30_09:36:30:039; 0.0701;13.7963; 0.9675;
2024.09.30_09:36:35:047; 0.0699;13.7963; 0.9637;
2024.09.30_09:36:40:043; 0.0698;13.7963; 0.9625;
2024.09.30_09:36:45:034; 0.0697;13.7963; 0.9600;
2024.09.30_09:36:50:045; 0.0695;13.7963; 0.9587;
2024.09.30_09:36:55:040; 0.0694;13.7963; 0.9563;
2024.09.30_09:37:00:063; 0.0692;13.7963; 0.9538;
2024.09.30_09:37:05:050; 0.0690;13.7963; 0.9513;
2024.09.30_09:37:10:064; 0.0689;13.7975; 0.9500;
2024.09.30_09:37:15:063; 0.0686;13.7963; 0.9463;
2024.09.30_09:37:20:054; 0.0685;13.7963; 0.9450;
2024.09.30_09:37:25:050; 0.0684;13.7975; 0.9438;
2024.09.30_09:37:30:052; 0.0683;13.7975; 0.9413;
2024.09.30_09:37:35:049; 0.0680;13.7975; 0.9388;
2024.09.30_09:37:40:052; 0.0679;13.7963; 0.9363;
2024.09.30_09:37:45:060; 0.0678;13.7975; 0.9350;
2024.09.30_09:37:50:058; 0.0675;13.7975; 0.9313;
2024.09.30_09:37:55:062; 0.0675;13.7975; 0.9313;
2024.09.30_09:38:00:060; 0.0673;13.7975; 0.9288;
2024.09.30_09:38:05:056; 0.0672;13.7975; 0.9263;
2024.09.30_09:38:10:050; 0.0668;13.7975; 0.9225;
2024.09.30_09:38:15:052; 0.0668;13.7975; 0.9213;
2024.09.30_09:38:20:061; 0.0665;13.7975; 0.9188;
2024.09.30_09:38:25:061; 0.0664;13.7975; 0.9163;
2024.09.30_09:38:30:057; 0.0663;13.7975; 0.9138;
2024.09.30_09:38:35:058; 0.0660;13.7975; 0.9100;
2024.09.30_09:38:40:054; 0.0657;13.7975; 0.9062;
2024.09.30_09:38:45:062; 0.0655;13.7975; 0.9025;
2024.09.30_09:38:50:060; 0.0653;13.7975; 0.9012;
2024.09.30_09:38:55:057; 0.0651;13.7975; 0.8988;
2024.09.30_09:39:00:061; 0.0650;13.7975; 0.8975;
2024.09.30_09:39:05:049; 0.0649;13.7975; 0.8962;
2024.09.30_09:39:10:055; 0.0646;13.7975; 0.8925;
2024.09.30_09:39:15:047; 0.0645;13.7975; 0.8900;
2024.09.30_09:39:20:056; 0.0644;13.7975; 0.8875;
2024.09.30_09:39:25:055; 0.0641;13.7975; 0.8850;
2024.09.30_09:39:30:058; 0.0641;13.7975; 0.8838;
2024.09.30_09:39:35:058; 0.0636;13.7975; 0.8788;
2024.09.30_09:39:40:054; 0.0635;13.7975; 0.8763;
2024.09.30_09:39:45:047; 0.0631;13.7975; 0.8700;
2024.09.30_09:39:50:057; 0.0632;13.7975; 0.8713;
2024.09.30_09:39:55:060; 0.0630;13.7975; 0.8688;
2024.09.30_09:40:00:054; 0.0628;13.7975; 0.8663;
2024.09.30_09:40:05:049; 0.0624;13.7975; 0.8613;
2024.09.30_09:40:10:053; 0.0622;13.7975; 0.8588;
2024.09.30_09:40:15:053; 0.0620;13.7975; 0.8550;
2024.09.30_09:40:20:047; 0.0619;13.7975; 0.8538;
2024.09.30_09:40:25:056; 0.0617;13.7975; 0.8513;
2024.09.30_09:40:30:054; 0.0615;13.7975; 0.8488;
2024.09.30_09:40:35:051; 0.0614;13.7975; 0.8475;
2024.09.30_09:40:40:045; 0.0611;13.7975; 0.8438;
2024.09.30_09:40:45:064; 0.0609;13.7975; 0.8400;
2024.09.30_09:40:50:072; 0.0608;13.7975; 0.8387;
2024.09.30_09:40:55:067; 0.0605;13.7975; 0.8350;
2024.09.30_09:41:00:071; 0.0603;13.7975; 0.8325;
2024.09.30_09:41:05:072; 0.0601;13.7975; 0.8287;
2024.09.30_09:41:10:069; 0.0600;13.7988; 0.8275;
2024.09.30_09:41:15:066; 0.0597;13.7975; 0.8238;
2024.09.30_09:41:20:071; 0.0595;13.7975; 0.8213;
2024.09.30_09:41:25:066; 0.0593;13.7975; 0.8175;
2024.09.30_09:41:30:066; 0.0590;13.7975; 0.8125;
2024.09.30_09:41:35:074; 0.0589;13.7975; 0.8125;
2024.09.30_09:41:40:072; 0.0588;13.7988; 0.8113;
2024.09.30_09:41:45:070; 0.0585;13.7975; 0.8075;
2024.09.30_09:41:50:071; 0.0582;13.7975; 0.8025;
2024.09.30_09:41:55:068; 0.0581;13.7988; 0.8013;
2024.09.30_09:42:00:061; 0.0578;13.7988; 0.7975;
2024.09.30_09:42:05:073; 0.0576;13.7988; 0.7950;
2024.09.30_09:42:10:064; 0.0575;13.7988; 0.7925;
2024.09.30_09:42:15:059; 0.0574;13.7988; 0.7900;
2024.09.30_09:42:20:060; 0.0570;13.7988; 0.7863;
2024.09.30_09:42:25:080; 0.0569;13.7988; 0.7850;
2024.09.30_09:42:30:083; 0.0567;13.7988; 0.7825;
2024.09.30_09:42:35:079; 0.0566;13.7988; 0.7800;
2024.09.30_09:42:40:087; 0.0563;13.7988; 0.7762;
2024.09.30_09:42:45:089; 0.0560;13.7988; 0.7725;
2024.09.30_09:42:50:085; 0.0557;13.7988; 0.7688;
2024.09.30_09:42:55:077; 0.0554;13.7988; 0.7650;
2024.09.30_09:43:00:086; 0.0553;13.7988; 0.7625;
2024.09.30_09:43:05:081; 0.0551;13.7988; 0.7600;
2024.09.30_09:43:10:077; 0.0549;13.7988; 0.7575;
2024.09.30_09:43:15:103; 0.0547;13.7988; 0.7550;
2024.09.30_09:43:20:090; 0.0545;13.7988; 0.7525;
2024.09.30_09:43:25:091; 0.0542;13.7988; 0.7488;
2024.09.30_09:43:30:103; 0.0540;13.7988; 0.7450;
2024.09.30_09:43:35:096; 0.0539;13.7988; 0.7425;
2024.09.30_09:43:40:090; 0.0536;13.7988; 0.7388;
2024.09.30_09:43:45:099; 0.0535;13.7988; 0.7375;
2024.09.30_09:43:50:090; 0.0533;13.8000; 0.7350;
2024.09.30_09:43:55:102; 0.0530;13.7988; 0.7313;
2024.09.30_09:44:00:094; 0.0526;13.8000; 0.7263;
2024.09.30_09:44:05:108; 0.0525;13.7988; 0.7250;
2024.09.30_09:44:10:119; 0.0523;13.7988; 0.7213;
2024.09.30_09:44:15:123; 0.0520;13.7988; 0.7175;
2024.09.30_09:44:20:128; 0.0518;13.8000; 0.7150;
2024.09.30_09:44:25:134; 0.0517;13.8000; 0.7125;
2024.09.30_09:44:30:136; 0.0515;13.8000; 0.7100;
2024.09.30_09:44:35:136; 0.0513;13.8000; 0.7087;
2024.09.30_09:44:40:146; 0.0511;13.8000; 0.7050;
2024.09.30_09:44:45:135; 0.0509;13.8000; 0.7025;
2024.09.30_09:44:50:140; 0.0508;13.8000; 0.7013;
2024.09.30_09:44:55:137; 0.0505;13.8000; 0.6963;
2024.09.30_09:45:00:145; 0.0501;13.8000; 0.6913;
2024.09.30_09:45:05:149; 0.0500;13.8000; 0.6900;
2024.09.30_09:45:10:142; 0.0498;13.8000; 0.6875;
2024.09.30_09:45:15:138; 0.0496;13.8000; 0.6850;
2024.09.30_09:45:20:144; 0.0494;13.8000; 0.6825;
2024.09.30_09:45:25:136; 0.0492;13.8000; 0.6800;
2024.09.30_09:45:30:138; 0.0489;13.8000; 0.6750;
2024.09.30_09:45:35:140; 0.0490;13.8012; 0.6763;
2024.09.30_09:45:40:134; 0.0485;13.8000; 0.6675;
2024.09.30_09:45:45:134; 0.0484;13.8000; 0.6663;
2024.09.30_09:45:50:136; 0.0481;13.8000; 0.6638;
2024.09.30_09:45:55:145; 0.0479;13.8000; 0.6613;
2024.09.30_09:46:00:138; 0.0477;13.8000; 0.6575;
2024.09.30_09:46:05:134; 0.0474;13.8012; 0.6550;
2024.09.30_09:46:10:142; 0.0473;13.8012; 0.6525;
2024.09.30_09:46:15:141; 0.0471;13.8012; 0.6488;
2024.09.30_09:46:20:147; 0.0469;13.8012; 0.6475;
2024.09.30_09:46:25:141; 0.0467;13.8012; 0.6438;
2024.09.30_09:46:30:133; 0.0465;13.8012; 0.6412;
2024.09.30_09:46:35:132; 0.0462;13.8012; 0.6375;
2024.09.30_09:46:40:141; 0.0461;13.8012; 0.6362;
2024.09.30_09:46:45:136; 0.0458;13.8012; 0.6325;
2024.09.30_09:46:50:145; 0.0457;13.8012; 0.6300;
2024.09.30_09:46:55:144; 0.0455;13.8012; 0.6275;
2024.09.30_09:47:00:144; 0.0453;13.8012; 0.6250;
2024.09.30_09:47:05:135; 0.0450;13.8012; 0.6225;
2024.09.30_09:47:10:144; 0.0449;13.8012; 0.6188;
2024.09.30_09:47:15:134; 0.0447;13.8012; 0.6175;
2024.09.30_09:47:20:143; 0.0445;13.8012; 0.6138;
2024.09.30_09:47:25:137; 0.0442;13.8012; 0.6100;
2024.09.30_09:47:30:138; 0.0440;13.8012; 0.6075;
2024.09.30_09:47:35:139; 0.0438;13.8012; 0.6038;
2024.09.30_09:47:40:131; 0.0437;13.8012; 0.6025;
2024.09.30_09:47:45:137; 0.0436;13.8012; 0.6013;
2024.09.30_09:47:50:146; 0.0433;13.8012; 0.5963;
2024.09.30_09:47:55:136; 0.0431;13.8012; 0.5950;
2024.09.30_09:48:00:132; 0.0430;13.8012; 0.5938;
2024.09.30_09:48:05:144; 0.0427;13.8012; 0.5887;
2024.09.30_09:48:10:133; 0.0425;13.8012; 0.5863;
2024.09.30_09:48:15:145; 0.0423;13.8012; 0.5837;
2024.09.30_09:48:20:133; 0.0421;13.8012; 0.5813;
2024.09.30_09:48:25:137; 0.0420;13.8012; 0.5787;
2024.09.30_09:48:30:133; 0.0419;13.8012; 0.5775;
2024.09.30_09:48:35:132; 0.0417;13.8012; 0.5750;
2024.09.30_09:48:40:139; 0.0415;13.8012; 0.5725;
2024.09.30_09:48:45:140; 0.0413;13.8012; 0.5700;
2024.09.30_09:48:50:137; 0.0411;13.8012; 0.5663;
2024.09.30_09:48:55:141; 0.0411;13.8012; 0.5663;
2024.09.30_09:49:00:140; 0.0409;13.8012; 0.5637;
2024.09.30_09:49:05:141; 0.0407;13.8012; 0.5613;
2024.09.30_09:49:10:131; 0.0406;13.8012; 0.5588;
2024.09.30_09:49:15:144; 0.0404;13.8012; 0.5575;
2024.09.30_09:49:20:139; 0.0402;13.8012; 0.5538;
2024.09.30_09:49:25:133; 0.0400;13.8012; 0.5525;
2024.09.30_09:49:30:140; 0.0399;13.8012; 0.5500;
2024.09.30_09:49:35:141; 0.0396;13.8012; 0.5463;
2024.09.30_09:49:40:143; 0.0396;13.8012; 0.5463;
2024.09.30_09:49:45:140; 0.0394;13.8012; 0.5438;
2024.09.30_09:49:50:137; 0.0393;13.8025; 0.5438;
2024.09.30_09:49:55:150; 0.0392;13.8025; 0.5413;
2024.09.30_09:50:00:146; 0.0387;13.8012; 0.5350;
2024.09.30_09:50:05:153; 0.0389;13.8025; 0.5363;
2024.09.30_09:50:10:148; 0.0387;13.8025; 0.5325;
2024.09.30_09:50:15:157; 0.0386;13.8025; 0.5312;
2024.09.30_09:50:20:145; 0.0384;13.8025; 0.5300;
2024.09.30_09:50:25:152; 0.0382;13.8025; 0.5262;
2024.09.30_09:50:30:149; 0.0381;13.8025; 0.5250;
2024.09.30_09:50:35:148; 0.0380;13.8025; 0.5238;
2024.09.30_09:50:40:149; 0.0378;13.8025; 0.5212;
2024.09.30_09:50:45:158; 0.0377;13.8025; 0.5200;
2024.09.30_09:50:50:156; 0.0375;13.8025; 0.5175;
2024.09.30_09:50:55:155; 0.0374;13.8025; 0.5150;
2024.09.30_09:51:00:157; 0.0372;13.8025; 0.5125;
2024.09.30_09:51:05:150; 0.0370;13.8025; 0.5112;
2024.09.30_09:51:10:146; 0.0370;13.8025; 0.5100;
2024.09.30_09:51:15:155; 0.0369;13.8025; 0.5088;
2024.09.30_09:51:20:148; 0.0368;13.8025; 0.5075;
2024.09.30_09:51:25:150; 0.0366;13.8025; 0.5050;
2024.09.30_09:51:30:143; 0.0365;13.8025; 0.5025;
2024.09.30_09:51:35:155; 0.0364;13.8025; 0.5012;
2024.09.30_09:51:40:146; 0.0363;13.8025; 0.5000;
2024.09.30_09:51:45:156; 0.0361;13.8025; 0.4988;
2024.09.30_09:51:50:152; 0.0360;13.8025; 0.4963;
2024.09.30_09:51:55:154; 0.0359;13.8038; 0.4950;
2024.09.30_09:52:00:141; 0.0358;13.8038; 0.4938;
2024.09.30_09:52:05:154; 0.0357;13.8038; 0.4925;
2024.09.30_09:52:10:146; 0.0355;13.8038; 0.4900;
2024.09.30_09:52:15:155; 0.0353;13.8025; 0.4888;
2024.09.30_09:52:20:143; 0.0353;13.8038; 0.4875;
2024.09.30_09:52:25:141; 0.0352;13.8038; 0.4863;
2024.09.30_09:52:30:146; 0.0351;13.8038; 0.4838;
2024.09.30_09:52:35:145; 0.0350;13.8038; 0.4838;
2024.09.30_09:52:40:153; 0.0349;13.8038; 0.4813;
2024.09.30_09:52:45:143; 0.0347;13.8038; 0.4800;
2024.09.30_09:52:50:155; 0.0347;13.8038; 0.4788;
2024.09.30_09:52:55:145; 0.0346;13.8038; 0.4775;
2024.09.30_09:53:00:148; 0.0345;13.8038; 0.4763;
2024.09.30_09:53:05:148; 0.0343;13.8038; 0.4750;
2024.09.30_09:53:10:142; 0.0342;13.8038; 0.4725;
2024.09.30_09:53:15:144; 0.0341;13.8038; 0.4713;
2024.09.30_09:53:20:151; 0.0341;13.8038; 0.4700;
2024.09.30_09:53:25:154; 0.0339;13.8038; 0.4688;
2024.09.30_09:53:30:143; 0.0338;13.8038; 0.4662;
2024.09.30_09:53:35:147; 0.0337;13.8038; 0.4650;
2024.09.30_09:53:40:142; 0.0336;13.8038; 0.4637;
2024.09.30_09:53:45:140; 0.0335;13.8038; 0.4625;
2024.09.30_09:53:50:144; 0.0335;13.8038; 0.4613;
2024.09.30_09:53:55:146; 0.0334;13.8038; 0.4600;
2024.09.30_09:54:00:150; 0.0333;13.8038; 0.4588;
2024.09.30_09:54:05:147; 0.0331;13.8038; 0.4575;
2024.09.30_09:54:10:142; 0.0331;13.8038; 0.4563;
2024.09.30_09:54:15:151; 0.0330;13.8038; 0.4550;
2024.09.30_09:54:20:142; 0.0329;13.8038; 0.4538;
2024.09.30_09:54:25:143; 0.0328;13.8038; 0.4525;
2024.09.30_09:54:30:149; 0.0327;13.8038; 0.4513;
2024.09.30_09:54:35:143; 0.0326;13.8038; 0.4500;
2024.09.30_09:54:40:143; 0.0326;13.8038; 0.4500;
2024.09.30_09:54:45:151; 0.0326;13.8050; 0.4488;
2024.09.30_09:54:50:138; 0.0324;13.8038; 0.4475;
2024.09.30_09:54:55:147; 0.0323;13.8038; 0.4463;
2024.09.30_09:55:00:141; 0.0323;13.8038; 0.4463;
2024.09.30_09:55:05:141; 0.0322;13.8038; 0.4450;
2024.09.30_09:55:10:144; 0.0321;13.8050; 0.4425;
2024.09.30_09:55:15:145; 0.0319;13.8050; 0.4413;
2024.09.30_09:55:20:150; 0.0319;13.8050; 0.4413;
2024.09.30_09:55:25:150; 0.0319;13.8050; 0.4388;
2024.09.30_09:55:30:149; 0.0319;13.8050; 0.4400;
2024.09.30_09:55:35:144; 0.0318;13.8050; 0.4388;
2024.09.30_09:55:40:140; 0.0317;13.8050; 0.4375;
2024.09.30_09:55:45:137; 0.0317;13.8050; 0.4363;
2024.09.30_09:55:50:149; 0.0316;13.8050; 0.4350;
2024.09.30_09:55:55:147; 0.0315;13.8050; 0.4350;
2024.09.30_09:56:00:152; 0.0314;13.8050; 0.4325;
2024.09.30_09:56:05:144; 0.0314;13.8050; 0.4325;
2024.09.30_09:56:10:151; 0.0312;13.8050; 0.4325;
2024.09.30_09:56:15:146; 0.0312;13.8050; 0.4313;
2024.09.30_09:56:20:141; 0.0312;13.8050; 0.4313;
2024.09.30_09:56:25:142; 0.0312;13.8063; 0.4325;
2024.09.30_09:56:30:146; 0.0311;13.8063; 0.4288;
2024.09.30_09:56:35:147; 0.0310;13.8063; 0.4288;
2024.09.30_09:56:40:146; 0.0310;13.8063; 0.4275;
2024.09.30_09:56:45:141; 0.0309;13.8063; 0.4263;
2024.09.30_09:56:50:139; 0.0308;13.8063; 0.4250;
2024.09.30_09:56:55:148; 0.0308;13.8063; 0.4250;
2024.09.30_09:57:00:147; 0.0307;13.8063; 0.4238;
2024.09.30_09:57:05:139; 0.0306;13.8063; 0.4225;
2024.09.30_09:57:10:151; 0.0305;13.8063; 0.4213;
2024.09.30_09:57:15:143; 0.0305;13.8063; 0.4213;
2024.09.30_09:57:20:145; 0.0305;13.8063; 0.4213;
2024.09.30_09:57:25:140; 0.0304;13.8063; 0.4200;
2024.09.30_09:57:30:149; 0.0303;13.8063; 0.4175;
2024.09.30_09:57:35:143; 0.0303;13.8063; 0.4175;
2024.09.30_09:57:40:137; 0.0302;13.8063; 0.4175;
2024.09.30_09:57:45:148; 0.0301;13.8063; 0.4175;
2024.09.30_09:57:50:138; 0.0301;13.8063; 0.4163;
2024.09.30_09:57:55:140; 0.0300;13.8063; 0.4150;
2024.09.30_09:58:00:140; 0.0299;13.8063; 0.4138;
2024.09.30_09:58:05:141; 0.0299;13.8063; 0.4125;
2024.09.30_09:58:10:136; 0.0298;13.8063; 0.4113;
2024.09.30_09:58:15:146; 0.0297;13.8063; 0.4100;
2024.09.30_09:58:20:141; 0.0298;13.8063; 0.4113;
2024.09.30_09:58:25:140; 0.0297;13.8063; 0.4100;
2024.09.30_09:58:30:142; 0.0295;13.8063; 0.4088;
2024.09.30_09:58:35:149; 0.0295;13.8063; 0.4088;
2024.09.30_09:58:40:138; 0.0295;13.8063; 0.4075;
2024.09.30_09:58:45:148; 0.0294;13.8063; 0.4062;
2024.09.30_09:58:50:136; 0.0294;13.8063; 0.4062;
2024.09.30_09:58:55:156; 0.0294;13.8063; 0.4050;
2024.09.30_09:59:00:150; 0.0293;13.8063; 0.4037;
2024.09.30_09:59:05:149; 0.0293;13.8063; 0.4050;
2024.09.30_09:59:10:154; 0.0292;13.8063; 0.4025;
2024.09.30_09:59:15:151; 0.0291;13.8063; 0.4025;
2024.09.30_09:59:20:150; 0.0291;13.8063; 0.4012;
2024.09.30_09:59:25:153; 0.0290;13.8063; 0.4000;
2024.09.30_09:59:30:162; 0.0290;13.8063; 0.4000;
2024.09.30_09:59:35:156; 0.0289;13.8063; 0.3987;
2024.09.30_09:59:40:159; 0.0289;13.8063; 0.3987;
2024.09.30_09:59:45:155; 0.0289;13.8063; 0.3975;
2024.09.30_09:59:50:156; 0.0288;13.8063; 0.3975;
2024.09.30_09:59:55:155; 0.0287;13.8063; 0.3963;
2024.09.30_10:00:00:151; 0.0287;13.8063; 0.3963;
2024.09.30_10:00:05:159; 0.0287;13.8063; 0.3950;
2024.09.30_10:00:10:154; 0.0286;13.8063; 0.3950;
2024.09.30_10:00:15:160; 0.0286;13.8063; 0.3938;
2024.09.30_10:00:20:153; 0.0286;13.8063; 0.3938;
2024.09.30_10:00:25:149; 0.0285;13.8063; 0.3925;
2024.09.30_10:00:30:157; 0.0284;13.8063; 0.3925;
2024.09.30_10:00:35:161; 0.0283;13.8063; 0.3913;
2024.09.30_10:00:40:156; 0.0283;13.8063; 0.3913;
2024.09.30_10:00:45:154; 0.0283;13.8063; 0.3900;
2024.09.30_10:00:50:151; 0.0283;13.8063; 0.3900;
2024.09.30_10:00:55:157; 0.0283;13.8063; 0.3900;
2024.09.30_10:01:00:151; 0.0282;13.8063; 0.3888;
2024.09.30_10:01:05:160; 0.0281;13.8063; 0.3875;
2024.09.30_10:01:10:156; 0.0281;13.8050; 0.3875;
2024.09.30_10:01:15:159; 0.0280;13.8063; 0.3863;
2024.09.30_10:01:20:170; 0.0280;13.8063; 0.3863;
2024.09.30_10:01:25:166; 0.0280;13.8063; 0.3863;
2024.09.30_10:01:30:167; 0.0278;13.8063; 0.3838;
2024.09.30_10:01:35:175; 0.0278;13.8063; 0.3850;
2024.09.30_10:01:40:176; 0.0278;13.8063; 0.3838;
2024.09.30_10:01:45:166; 0.0278;13.8063; 0.3838;
2024.09.30_10:01:50:169; 0.0278;13.8063; 0.3825;
2024.09.30_10:01:55:184; 0.0278;13.8063; 0.3825;
2024.09.30_10:02:00:192; 0.0277;13.8063; 0.3825;
2024.09.30_10:02:05:192; 0.0276;13.8063; 0.3813;
2024.09.30_10:02:10:206; 0.0276;13.8063; 0.3813;
2024.09.30_10:02:15:197; 0.0275;13.8063; 0.3800;
2024.09.30_10:02:20:207; 0.0275;13.8063; 0.3788;
2024.09.30_10:02:25:219; 0.0275;13.8050; 0.3788;
2024.09.30_10:02:30:217; 0.0274;13.8063; 0.3775;
2024.09.30_10:02:35:217; 0.0273;13.8063; 0.3775;
2024.09.30_10:02:40:217; 0.0274;13.8063; 0.3775;
2024.09.30_10:02:45:218; 0.0273;13.8063; 0.3763;
2024.09.30_10:02:50:233; 0.0272;13.8063; 0.3763;
2024.09.30_10:02:55:233; 0.0272;13.8063; 0.3750;
2024.09.30_10:03:00:237; 0.0272;13.8063; 0.3750;
2024.09.30_10:03:05:234; 0.0272;13.8063; 0.3750;
2024.09.30_10:03:10:230; 0.0271;13.8063; 0.3738;
2024.09.30_10:03:15:223; 0.0271;13.8063; 0.3738;
2024.09.30_10:03:20:237; 0.0270;13.8063; 0.3738;
2024.09.30_10:03:25:237; 0.0270;13.8063; 0.3725;
2024.09.30_10:03:30:227; 0.0270;13.8063; 0.3725;
2024.09.30_10:03:35:230; 0.0270;13.8063; 0.3725;
2024.09.30_10:03:40:238; 0.0269;13.8050; 0.3725;
2024.09.30_10:03:45:225; 0.0269;13.8063; 0.3713;
2024.09.30_10:03:50:232; 0.0269;13.8063; 0.3713;
2024.09.30_10:03:55:231; 0.0268;13.8063; 0.3713;
2024.09.30_10:04:00:235; 0.0268;13.8063; 0.3700;
2024.09.30_10:04:05:230; 0.0268;13.8063; 0.3700;
2024.09.30_10:04:10:231; 0.0267;13.8050; 0.3688;
2024.09.30_10:04:15:231; 0.0267;13.8063; 0.3688;
2024.09.30_10:04:20:231; 0.0267;13.8063; 0.3675;
2024.09.30_10:04:25:226; 0.0267;13.8063; 0.3675;
2024.09.30_10:04:30:230; 0.0267;13.8063; 0.3675;
2024.09.30_10:04:35:223; 0.0266;13.8063; 0.3663;
2024.09.30_10:04:40:231; 0.0266;13.8063; 0.3663;
2024.09.30_10:04:45:229; 0.0266;13.8063; 0.3663;
2024.09.30_10:04:50:225; 0.0265;13.8063; 0.3650;
2024.09.30_10:04:55:234; 0.0264;13.8063; 0.3638;
2024.09.30_10:05:00:227; 0.0264;13.8063; 0.3650;
2024.09.30_10:05:05:229; 0.0264;13.8063; 0.3638;
2024.09.30_10:05:10:237; 0.0264;13.8063; 0.3650;
2024.09.30_10:05:15:243; 0.0264;13.8063; 0.3638;
2024.09.30_10:05:20:242; 0.0264;13.8063; 0.3638;
2024.09.30_10:05:25:254; 0.0263;13.8063; 0.3625;
2024.09.30_10:05:30:260; 0.0263;13.8063; 0.3625;
2024.09.30_10:05:35:256; 0.0262;13.8063; 0.3613;
2024.09.30_10:05:40:259; 0.0261;13.8063; 0.3613;
2024.09.30_10:05:45:252; 0.0261;13.8063; 0.3613;
2024.09.30_10:05:50:255; 0.0261;13.8063; 0.3613;
2024.09.30_10:05:55:265; 0.0261;13.8063; 0.3600;
2024.09.30_10:06:00:261; 0.0261;13.8063; 0.3600;
2024.09.30_10:06:05:252; 0.0260;13.8063; 0.3588;
2024.09.30_10:06:10:258; 0.0260;13.8063; 0.3588;
2024.09.30_10:06:15:255; 0.0260;13.8063; 0.3588;
2024.09.30_10:06:20:261; 0.0260;13.8063; 0.3588;
2024.09.30_10:06:25:256; 0.0259;13.8063; 0.3575;
2024.09.30_10:06:30:262; 0.0259;13.8063; 0.3575;
2024.09.30_10:06:35:264; 0.0259;13.8063; 0.3575;
2024.09.30_10:06:40:266; 0.0259;13.8063; 0.3563;
2024.09.30_10:06:45:256; 0.0258;13.8063; 0.3563;
2024.09.30_10:06:50:251; 0.0258;13.8063; 0.3563;
2024.09.30_10:06:55:255; 0.0258;13.8063; 0.3563;
2024.09.30_10:07:00:264; 0.0258;13.8063; 0.3550;
2024.09.30_10:07:05:251; 0.0257;13.8063; 0.3550;
2024.09.30_10:07:10:263; 0.0257;13.8063; 0.3538;
2024.09.30_10:07:15:263; 0.0256;13.8063; 0.3538;
2024.09.30_10:07:20:252; 0.0256;13.8063; 0.3538;
2024.09.30_10:07:25:263; 0.0255;13.8063; 0.3525;
2024.09.30_10:07:30:251; 0.0255;13.8063; 0.3525;
2024.09.30_10:07:35:253; 0.0254;13.8063; 0.3513;
2024.09.30_10:07:40:254; 0.0255;13.8063; 0.3513;
2024.09.30_10:07:45:257; 0.0255;13.8063; 0.3513;
2024.09.30_10:07:50:267; 0.0255;13.8063; 0.3513;
2024.09.30_10:07:55:278; 0.0254;13.8063; 0.3513;
2024.09.30_10:08:00:270; 0.0255;13.8063; 0.3513;
2024.09.30_10:08:05:276; 0.0254;13.8063; 0.3513;
2024.09.30_10:08:10:265; 0.0254;13.8063; 0.3500;
2024.09.30_10:08:15:276; 0.0254;13.8063; 0.3500;
2024.09.30_10:08:20:277; 0.0253;13.8063; 0.3500;
2024.09.30_10:08:25:266; 0.0253;13.8063; 0.3500;
2024.09.30_10:08:30:269; 0.0252;13.8063; 0.3488;
2024.09.30_10:08:35:269; 0.0253;13.8063; 0.3500;
2024.09.30_10:08:40:267; 0.0253;13.8063; 0.3488;
2024.09.30_10:08:45:267; 0.0252;13.8063; 0.3488;
2024.09.30_10:08:50:276; 0.0252;13.8063; 0.3475;
2024.09.30_10:08:55:279; 0.0251;13.8075; 0.3475;
2024.09.30_10:09:00:282; 0.0252;13.8075; 0.3475;
2024.09.30_10:09:05:287; 0.0251;13.8075; 0.3475;
2024.09.30_10:09:10:297; 0.0251;13.8075; 0.3475;
2024.09.30_10:09:15:299; 0.0251;13.8075; 0.3463;
2024.09.30_10:09:20:298; 0.0251;13.8075; 0.3463;
2024.09.30_10:09:25:296; 0.0251;13.8075; 0.3463;
+++ÀÊÁ ¹sss-02; Cçàðÿäà= 0.0783; Wçàðÿäà= 1.0786+++
